mentor_id,slug,profile_url,name,title,company,city,timezone,price,currency,reviews_count,sessions_count,categories,skills
141,aleksey_krapivnitskiy,https://solvery.io/ru/mentor/aleksey_krapivnitskiy,Алексей Крапивницкий,Аналитик,Антифишинг,Санкт-Петербург,Europe/Moscow,2916,rub,3,542,,"Тестирование, Бизнес аналитика, Системная аналитика, SQL, Kanban, Scrum, Selenium, Appium, CI/CD, Selenide, REST-assured, Postman, Cucumber, Функциональное тестирование, Agile, Управление требованиями, Управление документацией, Jira, BPMN, UML, Confluence"
2267,khriptoni,https://solvery.io/ru/mentor/khriptoni,Антон Хрипунов,Senior ABAP developer,Sap,Мытищи (Город),Europe/Belgrade,2916,rub,2,91,,"Бэкенд, Фронтенд, Базы данных, REST API, OOABAP, ABAP, oData, SAP, Unit Tests, OOP"
1331,Dmitriy_Pohodnya,https://solvery.io/ru/mentor/Dmitriy_Pohodnya,Дмитрий Походня,Senior Frontend developer,Обоз digital,Ростов-на-Дону,Europe/Moscow,2916,rub,5,345,,"Фронтенд, HTML, CSS, JavaScript, Vue.js"
2704,png_tech,https://solvery.io/ru/mentor/png_tech,Николай Пунин,Ведущий разработчик,,Тамбов,Europe/Moscow,2916,rub,2,200,,"Бэкенд, Управление командой, Java, Spring, Spring Boot, TDD, Spring Framework, OOP, Распределённая команда, Управление знаниями в команде, MVP, REST API, Процессы разработки и тестирования, Git, Gitflow, Unit Tests"
2816,wilful,https://solvery.io/ru/mentor/wilful,Андрей Семенов,Системный инженер,iTmage,Сочи,Europe/Kaliningrad,2916,rub,1,25,,"DevOps, Информационная безопасность, Ruby, Git, Docker, Linux, MySQL, CI/CD, Nginx, Terraform, bash, Puppet, GitLab, Rust"
3463,dshemin,https://solvery.io/ru/mentor/dshemin,Дмитрий Шемин,Ведущий разработчик,cloud.ru,Новосибирск,Asia/Krasnoyarsk,2916,rub,6,431,,"Бэкенд, PHP, Laravel, MongoDB, PostgreSQL, SQL, REST API, Docker, Ansible, CD, CI, Rabbitmq, CI/CD, GitlabCI, Go, DDD, GitHub, Kafka, Redis, Kubernetes, YAML, Helm, Terraform, GitLab, Prometheus, Grafana, gRPC"
2246,anton_rabinovich,https://solvery.io/ru/mentor/anton_rabinovich,Антон Рабинович,Системный аналитик,,Москва,Europe/Moscow,2916,rub,0,67,,"Управление командой, Бизнес аналитика, Системная аналитика, MongoDB, Базы данных, Git, SQL, REST API, Scrum, UML диаграммы, Процессы разработки и тестирования, Архитектура процессов, Паттерны проектирования, SoapUI, Аналитика, Software Architecture, Kafka, Agile, NoSQL, Управление требованиями, Проектирование интеграций, Системное проектирование, Управление документацией"
653,spoot,https://solvery.io/ru/mentor/spoot,Алесандр Куимов,Fullstack-разработчик (Laravel/Vue.js),Веб-студия кит,Геленджик,Europe/Moscow,2916,rub,0,0,,"Бэкенд, Фронтенд, Laravel, Vue.js"
223,ashatilovdev,https://solvery.io/ru/mentor/ashatilovdev,Александр Шатилов,Руководитель AI направления,Европлан,Москва,Europe/Moscow,2916,rub,0,2,,"Управление командой, Управление продуктом, Управление проектами, Стартапы: запуск, large language model (LLM), LLM (large language models)"
697,Vladislav_Serednyakov,https://solvery.io/ru/mentor/Vladislav_Serednyakov,Владислав Середняков,TechLead Fullstack PHP,Devhype Blog,Нижний Тагил,Asia/Yekaterinburg,2916,rub,1,270,,"DevOps, Бэкенд, Фронтенд, React, Bootstrap, PHP, Laravel, PostgreSQL, REST API, Docker, Linux, MySQL, Symfony, Процессы разработки и тестирования, CI/CD, Паттерны проектирования, DDD, RaspberryPi, Yii2, Websockets, Zend , Linux администрирование"
2443,batkov_artem,https://solvery.io/ru/mentor/batkov_artem,Артем Батьков,Product Designer,Lingoplay ltd.,Ростов-на-Дону,Europe/Moscow,2916,rub,2,22,,"Дизайн, Маркетинг, UI, UX, Типографика, Figma, Userflow, Material Design, Анимация, After Effects, Фирменный стиль, Интерфейсы, Customer Journey Map, Motion-design, UI kit"
1887,farbuzov,https://solvery.io/ru/mentor/farbuzov,Ф``ёдор Арбузов,python senior developer,Мтс,Москва,Europe/Moscow,2916,rub,0,22,,"Бэкенд, Фронтенд, HTML, CSS, JavaScript, React, Python, Flask"
29217,rynkovskii,https://solvery.io/ru/mentor/rynkovskii,Артём Рынковский,Business / System Analyst,Exadel,Тбилиси,Asia/Baku,2916,rub,0,0,,"Бизнес аналитика, Системная аналитика, Базы данных, Figma, SQL, MVP, REST API, Kanban, Scrum, UML диаграммы, Прохождение собеседований, Postman, Kafka, BABOK, BRD, SRS, Управление требованиями, Проектирование интеграций, Системное проектирование, Управление документацией, Jira, Slack, Confluence, Lean, Lean Just-in-time, User Story, Карьера: Поиск работы, Карьера: Составление резюме, Карьера: Linkedin, Карьера: Релокейт, Notion, Waterfall, SMART Цели, Бизнес-процессы, Тайм-менеджмент, Дизайн систем, Техническая документация, Прототипирование, Релокация, Linkedin, Промпт-инжиниринг, AI-анализ"
28393,stan_k,https://solvery.io/ru/mentor/stan_k,Станислав Кругликов,Solution Architect,Epam,Гданьск,Europe/Warsaw,2916,rub,0,16,,"Бэкенд, Управление проектами, C#, SQL, Clean Architecture, REST API, Microservices, ASP.NET Core, Software Engineering, Процессы разработки и тестирования, Прохождение собеседований, Azure cloud, .NET core, Entity Framework, Паттерны проектирования, Swagger, Мотивация команды, Software Architecture, NoSQL"
16491,dharbachou,https://solvery.io/ru/mentor/dharbachou,Дмитрий Горбачев,Senior Software engineer ,Itechart,Минск,Europe/Minsk,2916,rub,2,147,,"Бэкенд, Фронтенд, Управление продуктом, HTML, CSS, JavaScript, React, Redux, Express, TypeScript, MongoDB, PostgreSQL, SCSS, Vue.js, NestJS, Next.Js, Node.js, UI, UX, Производительность, MVP, A11y, Перфоманс и скорость загрузки, Прохождение собеседований"
29267,,,Кирилл Есин,Data Engineer,Купибилет,Казань,Europe/Moscow,2916,rub,0,0,,"Data Engineering, Системная аналитика, SQL, Python, ClickHouse, PostgreSQL, Kafka, MongoDB, Базы данных, CI/CD, Аналитика данных, AI-анализ, Использование ИИ"
28909,kondrateva_a,https://solvery.io/ru/mentor/kondrateva_a,Анастасия Кондратьева,Product Marketing Manager,Jivo,Самара,Europe/Samara,2916,rub,0,0,,"Управление продуктом, Маркетинг, Продуктовая аналитика, Маркетинг: процессы, Тестирование продуктовых гипотез, настройка процессов в команде, CJM, Маркетинговые исследования, Исследование и сегментация ЦА, Стратегический маркетинг, Позиционирование на рынке, B2B-маркетинг, Контент-маркетинг"
28302,elenkin_aleksey,https://solvery.io/ru/mentor/elenkin_aleksey,Алексей Еленкин,Back-End Ruby Team Lead,Лига цифровой экономики,Москва,Europe/Moscow,2916,rub,0,1,,"DevOps, Бэкенд, Управление командой, Ruby, PostgreSQL, Базы данных, Git, Производительность, Docker, Rabbitmq, Процессы разработки и тестирования, CI/CD, Архитектура процессов, ClickHouse, Стратегическое планирование"
2092,aleksei,https://solvery.io/ru/mentor/aleksei,Алексей Казаков,IT Lead / CTO ,T1,Санкт-Петербург,Europe/Moscow,2916,rub,0,0,,"Фронтенд, Управление командой, JavaScript, HTML, CSS, Webpack, React, TypeScript, Vue.js, Git, Паттерны проектирования, Карьерное консультирование, Управление знаниями в команде, Мотивация команды, Распределённая команда, Масштабирование команды, Найм команды, настройка процессов в команде, Процессы разработки и тестирования"
29205,,,Олег Тютюнщиков,Head of Sales,Twin,Тбилиси,Asia/Tbilisi,2916,rub,0,0,,"Управление командой, Управление проектами, Производительность, Прохождение собеседований, Мотивация команды, Статистика, Chat bots, Битрикс24, Битрикс, Развитие карьеры, Юнит-экономика, Стартапы: продвижение, Стартапы: запуск, Стартапы: трекинг, Продажи, Активные продажи, B2B-продажи, EdTech, Стратегическое планирование, Построение контакт-центра, People management, Найм команды, Бизнес-процессы, Масштабирование команды, Нейросети, ИИ/AI, Аналитика данных, amo crm, google sheets, Подбор экспертов, Жесткие переговоры, Партнерский маркетинг, Франшизы, Построение отдела продаж, Использование ИИ"
27589,nkuzichkin,https://solvery.io/ru/mentor/nkuzichkin,Николай Кузичкин,Эксперт управления разработки,Финтех,Оренбург,Asia/Yekaterinburg,2916,rub,0,0,,"Бэкенд, Управление командой, PostgreSQL, C#, REST API, ASP.NET Core, TDD, Процессы разработки и тестирования, .NET core, Blazor, LINQ, Entity Framework, Архитектура процессов"
29200,,,Дмитрий Афанасьев,Руководитель направления системного анализа,Рсхб-интех,Санкт-Петербург,Europe/Samara,2916,rub,0,0,,"Системная аналитика, SQL, REST API, UML диаграммы, Прохождение собеседований, Аналитика, Software Architecture, Jira, UML, Confluence, Техническая документация"
29179,clearux,https://solvery.io/ru/mentor/clearux,Татьяна Яковлева,Старший дизайнер-проектировщик,AWG,Санкт-Петербург,Europe/Moscow,2916,rub,0,0,,"Дизайн, Tilda, UX, Figma, JTBD, Userflow, Интерфейсы, Прохождение собеседований, Яндекс Метрика, Customer experience, User Story, Mind Map, SMART Цели, UX: анализ конкурентов, UX: юзабилити аудит, UX: синтез персонажей, UX: разработка сценариев, UX: интервью, опросы, анкетирование, UX: детальный дизайн, UX: тексты, UX: лендинги, Blueprint, Прототипирование, Ценностное предложение, CJM, Анализ конкурентов, Юзабилити аудит, СХ Аналитика"
19655,konstantinvoskresenskiy,https://solvery.io/ru/mentor/konstantinvoskresenskiy,Константин Воскресенский,Product Manager,Steiza,Буэнос Айрес,America/Argentina/Buenos_Aires,2916,rub,1,31,,"Управление продуктом, Управление проектами, Управление командой, Продуктовая аналитика, Прохождение собеседований, Мотивация команды, Аналитика, Управление организационными изменениями, Распределённая команда, Управление знаниями в команде, CEO, HR: подбор и адаптация, HR: мотивация сотрудников, HR: обучение и развитие, Развитие карьеры, Продуктовые метрики, Продуктовая стратегия, Маркетинг: найм, Стартапы: трекинг, Маркетинг: исследования, Маркетинг: оценка рынка, Тестирование продуктовых гипотез, Карьера: Поиск работы, Карьера: Составление резюме, Коучинг, Коучинг: бизнес-коучинг, Коучинг: целеполагание, Стратегическое планирование, UX: анализ конкурентов, Развитие soft skills, People management, Найм команды, Переговоры, Организационная структура, Бизнес-процессы, Стратегическое управление, Масштабирование команды, Аналитика данных, Менеджмент Стейкхолдеров, UX: настройка процессов в команде, OKR, настройка процессов в команде, Упаковка, Customer Journey Map, MVP, Agile, Управление проектным офисом, Управление портфелем проектов, CPO, Юнит-экономика, Customer experience, Финансовое моделирование, Маркетинг: стратегия, Стартапы: запуск, Стартапы: продвижение, Управление ИТ, Карьера: Linkedin, Эффективность организации, Качество продуктов и услуг, Клиентский Сервис, ChatGPT, лендинги, Прототипирование, Ценностное предложение, Финансовый анализ, CJM, Оценка эффективности организации, Карьерное консультирование, Анализ конкурентов, Оценка рынка, Исследование и сегментация ЦА, Маркетинговая аналитика, Сегментация клиентов, Linkedin, Трекшен проектов/стартапов, Управление образовательным продуктом"
25624,denis_ishencko,https://solvery.io/ru/mentor/denis_ishencko,Денис Ищенко,UI/UX Designer,Red Collar,Воронеж,Europe/Moscow,2916,rub,0,3,,"Дизайн, UI, Tilda, UX, Типографика, Figma, JTBD, After Effects, UI kit, Дизайн Система, Маркетинг: исследования, UX: лендинги, Прототипирование, Анализ конкурентов, Сторителлинг, Использование ИИ"
8486,jenoid_eugene,https://solvery.io/ru/mentor/jenoid_eugene,Eugene Lyakhov,ИТ лид стрима /Director of Engineering / Head of Development / CTO  / Technical product manager ,Иннотех,Москва,Europe/Moscow,2916,rub,3,33,,"Управление командой, Управление продуктом, Управление проектами, HTML, CSS, Canvas, React, JTBD, Userflow, Java, MVP, Firebase, Продуктовая аналитика, Spring, Spring Boot, Kanban, Scrum, Процессы разработки и тестирования, TeamCity, CI/CD, Архитектура процессов, Postman, Функциональное тестирование, Customer development, Kubernetes, Развитие карьеры, Продуктовые метрики, Продуктовая стратегия, Стартапы: запуск, Стартапы: трекинг, Управление ИТ, IT аудит, Axure RP, EdTech, Коучинг, Стратегическое планирование, Miro, Найм команды, OKR, настройка процессов в команде, power BI, Нагрузочное тестирование"
28846,ivan_korchagin,https://solvery.io/ru/mentor/ivan_korchagin,Иван Корчагин,Senior UX Research,Авито,Москва,Europe/Moscow,2916,rub,0,4,,"Управление продуктом, Дизайн, Управление проектами, UX, JTBD, Продуктовые метрики, Маркетинг: исследования, Тестирование продуктовых гипотез, UX: анализ конкурентов, UX: юзабилити аудит, UX: интервью, опросы, анкетирование, UX: настройка процессов в команде, CJM"
28843,,,Никита Слободчиков,"Project manager (Ex Yandex, Ex Avito)",Яндекс,Санкт-Петербург,Europe/Moscow,2916,rub,0,6,,"Управление командой, Управление проектами, MVP, Customer Journey Map, Kanban, Scrum, Управление портфелем проектов, Распределённая команда, Customer experience, Тестирование продуктовых гипотез, Waterfall, SMART Цели, Развитие soft skills, Переговоры, Фасилитация, Клиентский Сервис, Менеджмент Стейкхолдеров, Avito, СХ Аналитика, Упаковка проекта"
28704,,,Екатерина Никонова,QA Lead,,Санкт-Петербург,Europe/Moscow,2916,rub,0,5,,"Тестирование, Управление командой, SQL, Тест-кейсы, Процессы разработки и тестирования, Прохождение собеседований, Postman, Мотивация команды, Функциональное тестирование, Распределённая команда, Управление знаниями в команде, Jira, Confluence, User Story, Карьера: Поиск работы, Карьера: Составление резюме, Chrome DevTools, Mind Map, Notion, Miro, API запросы"
29132,sablina,https://solvery.io/ru/mentor/sablina,Екатерина Саблина,Product Designer,,Москва,Europe/Moscow,2916,rub,0,0,,"Дизайн, UI, UX, Figma, Интерфейсы, UI kit, Продуктовый дизайн"
19431,viktor_afanasev,https://solvery.io/ru/mentor/viktor_afanasev,Виктор Афанасьев,Delivery Lead / IT Lead / IT PO (FinTech),Сбер,Москва,Europe/Moscow,2916,rub,0,4,,"Управление командой, Управление проектами, Scrum, ИИ/AI, LLM (large language models), Microsoft Project, Использование ИИ"
9220,daniilpetrov,https://solvery.io/ru/mentor/daniilpetrov,Даниил Петров,Team Lead designer,Daniil petrov,Москва,Europe/Moscow,2916,rub,0,8,,"Управление командой, Дизайн, Управление проектами, UI, Tilda, Логотип, UX, Figma, Фирменный стиль, Дизайн-стратегия, UI kit, Freelance, Дизайн Система, EdTech, User Story"
28861,eugene_galera,https://solvery.io/ru/mentor/eugene_galera,Евгений Вячеславович,Senior Backend Nodejs developer,Big tech,Москва,Europe/Moscow,2916,rub,0,0,,"DevOps, Бэкенд, Фронтенд, HTML, CSS, JavaScript, React, Next.Js, Redux, Node.js, Express, TypeScript, Базы данных, Jest, SQL, REST API, Microservices, Architecture, MySQL, Kafka, Redis, NestJS, Публичные выступления, Стартапы: запуск"
28938,,,Анна Остянко,Директор проектов (ex Head of PMO Gazpromneft),Gazprombank,Санкт-Петербург,Europe/Moscow,2916,rub,0,0,,"Управление командой, Управление проектами"
28920,marygun,https://solvery.io/ru/mentor/marygun,Марина Гунько,Frontend-разработчик,Migron,Краснодар,Europe/Moscow,2916,rub,0,0,,"Фронтенд, HTML, CSS, JavaScript, React, Bootstrap, SCSS, Git, Кроссбраузерная оптимизаци, Прохождение собеседований, Верстка, Карьера: Поиск работы, Карьера: Составление резюме, Карьера: Linkedin, Tailwind, Cобеседование на английском языке"
5103,aleksei_developer,https://solvery.io/ru/mentor/aleksei_developer,Алексей Осипов,Front-end senior,Maxima,Казань,Europe/Moscow,2916,rub,0,15,,"Фронтенд, HTML, CSS, JavaScript, Sass, Gulp, React, Redux, Bootstrap, Верстка"
28887,ushakova_lyu,https://solvery.io/ru/mentor/ushakova_lyu,Любовь Ушакова,Product Owner ,Яндекс.еда,Москва,Europe/Moscow,2916,rub,0,1,,"Управление продуктом, Маркетинг, Управление проектами, Продуктовая аналитика, A/B testing, Growth hacking, Продуктовые метрики, Продуктовая стратегия, Маркетинг: стратегия, Тестирование продуктовых гипотез, CRM Маркетинг, Коучинг: целеполагание, CJM, Маркетинговые исследования, Развитие карьеры, Развитие soft skills, Карьерное консультирование, Юнит-экономика"
28833,,,Евгений Сапожников,Senior Performance Engineer,Positive technologies,Калининград,Europe/Kaliningrad,2916,rub,0,1,,"Тестирование, PostgreSQL, Python, Производительность, Java, REST API, Docker, Ansible, Rabbitmq, Microservices, Перфоманс и скорость загрузки, Jenkins, Oracle, Kafka, ClickHouse, Kubernetes, JMeter, TCP/IP, Prometheus, Grafana, gRPC, Gatling, Locust"
5769,evgeny_podterebkov,https://solvery.io/ru/mentor/evgeny_podterebkov,Евгений Подтеребков,Lead PM / Head of PMO,Альфа-Банк,Новосибирск,Asia/Krasnoyarsk,2916,rub,0,47,,"Управление командой, Управление проектами, Управление проектным офисом, Управление портфелем проектов, Управление ИТ"
27330,vlarina,https://solvery.io/ru/mentor/vlarina,Вероника Ларина,Продуктовый дизайнер,МойСклад,Санкт-Петербург,Europe/Moscow,2916,rub,0,10,,"Дизайн, UI, UX, UI kit, Прохождение собеседований, Управление портфелем проектов, Развитие карьеры, Карьера: Поиск работы, Карьера: Составление резюме, UX: анализ конкурентов, UX: разработка сценариев, UX: интервью, опросы, анкетирование, UX: разработка концептуального макета, UX: тексты, Анализ конкурентов, Исследование и сегментация ЦА"
28669,ivan_sedov,https://solvery.io/ru/mentor/ivan_sedov,Иван Седов,Backend Tech Lead,ГК Самолет,Екатеринбург,Asia/Yekaterinburg,2916,rub,0,0,,"Бэкенд, Управление проектами, Python, Docker, Django, Django REST framework, Vue.js, CI/CD, GitlabCI"
28524,anna_revva,https://solvery.io/ru/mentor/anna_revva,Анна Ревва,UX/UI-дизайнер,Сбер,"Санкт-Петербург, Санкт-Петербург",Europe/Moscow,2916,rub,0,3,,"Дизайн, UX, UI, Figma, Интерфейсы"
28451,aleksan_privalov1404,https://solvery.io/ru/mentor/aleksan_privalov1404,Александр Привалов,Старший системный аналитик,X5 tech,Воронеж,Europe/Moscow,2916,rub,0,3,,"Бизнес аналитика, Системная аналитика, PostgreSQL, Базы данных, REST API, Kanban, Scrum, Процессы разработки и тестирования, Openapi, Аналитика, Kafka, Agile, Управление требованиями, Управление документацией, BPMN, UML, User Story"
28282,elina_fedosova,https://solvery.io/ru/mentor/elina_fedosova,Элина Федосова,Senior Software Engineer,Tedo (ex. pwc),Санкт-Петербург,Europe/Moscow,2916,rub,0,14,,"Фронтенд, JavaScript, React, TypeScript"
8468,vvdev,https://solvery.io/ru/mentor/vvdev,Влад Кошечкин,Founder,Volga-volga,Астана,Asia/Tashkent,2916,rub,0,30,,"Управление продуктом, Управление командой, Бизнес аналитика, Продуктовая аналитика, Подготовка технических докладов, Процессы разработки и тестирования, Прохождение собеседований, Архитектура процессов, Мотивация команды, Управление проектным офисом, Управление организационными изменениями, Управление знаниями в команде, CEO, CTO, Управление требованиями, Проектирование интеграций, Продуктовая стратегия, Стартапы: запуск, Стартапы: трекинг, IT риски, IT аудит, Карьера: Поиск работы, Коучинг, Коучинг: бизнес-коучинг, Стратегическое планирование, Переговоры, Бизнес-процессы, Кейс-менеджмент"
9396,freud_cat,https://solvery.io/ru/mentor/freud_cat,Денис Давыдов,Главный редактор,,Воронеж,Europe/Moscow,2916,rub,0,11,,"Маркетинг, Управление проектами, Управление командой, JTBD, Найм команды, Email Маркетинг, Концепция и границы, Маркетинг: контент, Маркетинг: стратегия, Маркетинг: процессы, Маркетинг: найм, Развитие карьеры, Развитие soft skills, Trello, Маркетинговый аудит"
27580,aagrishaev,https://solvery.io/ru/mentor/aagrishaev,Артём Гришаев,Chief Business Development Office,,Москва,Europe/Moscow,2916,rub,0,0,,"Управление проектами, Маркетинг, Управление командой, B2B-продажи, IT риски, IT аудит, Стратегическое планирование, Стратегическое управление, Коммуникационная стратегия, продюсирование конференций и митапов"
27811,alexey_tokarev,https://solvery.io/ru/mentor/alexey_tokarev,Алексей Токарев,Руководитель проекта,Fintech,Кемерово,Asia/Krasnoyarsk,2916,rub,1,9,,"Управление командой, Управление продуктом, Управление проектами, Kanban, Scrum, Прохождение собеседований, Fintech, Agile, Управление портфелем проектов, Jira, Confluence, Стратегическое планирование, настройка процессов в команде"
27787,faiskhanova_alina,https://solvery.io/ru/mentor/faiskhanova_alina,Алина Фаисханова,QA инженер,Megafon,Екатеринбург,Asia/Aqtau,2916,rub,1,5,,"Тестирование, Postman, Swagger, API запросы, Kubernetes, Docker, Функциональное тестирование, Процессы разработки и тестирования, BPMN, Техническая документация"
27745,alexey_dmitriev,https://solvery.io/ru/mentor/alexey_dmitriev,Алексей Дмитриев,Delivery Manager,Freedom Finance Global PLC,Москва,Europe/Moscow,2916,rub,0,1,,"Управление командой, Управление проектами, HR, Процессы разработки и тестирования, Архитектура процессов, Мотивация команды, Управление организационными изменениями, Распределённая команда, Управление знаниями в команде, HR: формирование команд, Управление ИТ, Коучинг, Коучинг: лайф-коучинг, Коучинг: бизнес-коучинг, Коучинг: целеполагание, Найм команды, Масштабирование команды, настройка процессов в команде"
27527,o0,https://solvery.io/ru/mentor/o0,Игорь Алексеенко,"Fullstack developer, преподаватель программирования",Sole Proprietor,Санкт-Петербург,Europe/Moscow,2916,rub,0,28,,"Бэкенд, Управление командой, Фронтенд, HTML, CSS, JavaScript, SVG, Canvas, Webpack, React, Next.Js, Redux, Node.js, Express, TypeScript, PostgreSQL, Базы данных, Функциональное программирование, UI, SCSS, UX, Jest, Производительность, Браузеры, Clean Architecture, MVP, REST API, Анимация, БЭМ, Доступность сайтов, Кроссбраузерная оптимизаци, Mobile first, Семантичная вёрстка, UI kit, Docker, CD, CI, Перфоманс и скорость загрузки, Подготовка технических докладов, jQuery, Структуры данных, Прототипное наследование, Gitflow"
27406,mikhail_stroganov,https://solvery.io/ru/mentor/mikhail_stroganov,Михаил Строганов,Продуктовый аналитик,Magnit Tech,Санкт-Петербург,Europe/Moscow,2916,rub,0,5,,"Data Science, Data Engineering, Бизнес аналитика, Python, SQL, A/B testing, Статистика, Аналитика данных, Аналитика, Продуктовая аналитика, Pandas, Numpy, Scipy"
27292,ilogachev,https://solvery.io/ru/mentor/ilogachev,Иван Логачев,Архитектор,,Москва,Europe/Kaliningrad,2916,rub,0,1,,"Фронтенд, Бэкенд, DevOps, TypeScript, PHP, Python, Linux, Ansible, React"
22278,anst_foto,https://solvery.io/ru/mentor/anst_foto,Андрей Старинин,преподаватель,Компьютерная академия ТОП,Воронеж,Europe/Moscow,2916,rub,0,11,,"Бэкенд, Фронтенд, HTML, CSS, PostgreSQL, C#, SQL, WPF, SQLite, Less, JavaScript, Базы данных, Ubuntu, Git, Docker, Linux, .NET core, LINQ, Entity Framework, Gitflow, Паттерны проектирования, Arduino, GitHub, YAML, MVVM, EdTech"
27140,bspresident,https://solvery.io/ru/mentor/bspresident,Алексей Борисенко,CEO,Badstudio,Краснодар,Europe/Moscow,2916,rub,0,2,,"Бэкенд, Фронтенд, Управление проектами, HTML, CSS, Less, Sass, Bootstrap, PHP, Базы данных, UI, SCSS, Figma, Git, REST API, After Effects, Motion-design, Доступность сайтов, Mobile first, Lighthouse, MySQL, jQuery, Apache, Верстка, Анимации JS, Анимации CSS, OOP, Nginx, PWA, SEO, Яндекс Метрика, Битрикс24, 1С-Битрикс, Битрикс, UX: юзабилити аудит, Adobe After Effects, лендинги, MVC, Cloudflare"
24532,walkman,https://solvery.io/ru/mentor/walkman,Никита Сиротин,Frontend-разработчик,Сбер,Москва,Europe/Moscow,2916,rub,0,5,,"Фронтенд, JavaScript, React"
7524,dimitrian_ivanenko,https://solvery.io/ru/mentor/dimitrian_ivanenko,Димитриан Иваненко,"Владелец  агрегаторов medreg-market.ru, labmed-market.ru, panda-sweets.ru и сервиса мероgриятий dimitrian.ru",Иваненко Димитриан Сергеевич,Москва,Europe/Moscow,2916,rub,1,33,,"Управление продуктом, Маркетинг, Управление организационными изменениями, Менеджмент 3.0, Маркетинг: стратегия, Стартапы: продвижение, Стартапы: запуск, Стартапы: трекинг, Продажи, Активные продажи, B2B-продажи, Стратегическое планирование, Стратегическое управление"
24809,takacyba,https://solvery.io/ru/mentor/takacyba,Иван Котов,Head of QA,МТС Web Services Big Data,Москва,Europe/Moscow,2916,rub,9,237,,"Тестирование, Бэкенд, Data Engineering, Python, Git, SQL, REST API, Docker, Linux, BigData, ETL, TDD, Автоматизация тестирования, Тест-кейсы, Jenkins, Прохождение собеседований, CI/CD, GitlabCI, Unit Tests, Swagger, Allure, Hadoop, Hive, Spark, Pandas, Kafka, Jira, Карьера: Поиск работы, Карьера: Составление резюме, Карьерное консультирование, API запросы, Apache Airflow, Jupyter Notebook"
24820,essch,https://solvery.io/ru/mentor/essch,Евгений Штольц,CTO,Митра,Москва,Europe/Moscow,2916,rub,3,31,,"DevOps, Бэкенд, Фронтенд, JavaScript, Node.js, PHP, PostgreSQL, Ubuntu, Git, Docker, Linux, Ansible, CD, CI, Машинное обучение, Elasticsearch, Microservices, Kanban, Scrum, Jenkins, CI/CD, Kubernetes, Helm, HR: подбор и адаптация, Zabbix, Terraform, Развитие карьеры, Карьера: Поиск работы, Карьера: Составление резюме, Карьера: Linkedin, GitLab, Найм команды, Переговоры, Prometheus, Grafana, Подбор экспертов, Карьерное консультирование, Linux администрирование, Kibana, Использование ИИ"
21308,raisterleventayn,https://solvery.io/ru/mentor/raisterleventayn,Павел Хотченков,Lead Project & Operations Manager | Head of PMO & Operations,,Санкт-Петербург,Europe/Moscow,2916,rub,0,2,,"Управление командой, Управление проектами, HR, Kanban, Scrum, Мотивация команды, Аналитика, Agile, Управление проектным офисом, Управление портфелем проектов, Управление организационными изменениями, Распределённая команда, Управление знаниями в команде, HR: мотивация сотрудников, HR: оценка и аттестация, HR: обучение и развитие, HR: внутренняя коммуникация и корпоративная культура, Управление требованиями, Менеджмент 3.0, Развитие карьеры, BPMN, Построение системы менторинга, Карьера: Поиск работы, Карьера: Составление резюме, Miro, Развитие soft skills, People management, Найм команды, Организационная структура, Бизнес-процессы, Тайм-менеджмент, Эффективность организации, Аналитика данных, настройка процессов в команде"
5143,greg_osetrov,https://solvery.io/ru/mentor/greg_osetrov,Григорий Осетров,Backend-Developer,ООО Платформа,Волгоград,Europe/Moscow,2916,rub,3,50,,"Тестирование, Бэкенд, PostgreSQL, C#, SQL, Rabbitmq, ASP.NET Core, .NET core, Паттерны проектирования"
25065,foul_foumart,https://solvery.io/ru/mentor/foul_foumart,Наталья Едовина,Senior Product Designer ,Мтс digital,Екатеринбург,Asia/Yekaterinburg,2916,rub,1,22,,"Дизайн, UI, UX, Figma, Userflow, Дизайн-стратегия, UX: анализ конкурентов, UX: юзабилити аудит, UX: разработка сценариев, UX: интервью, опросы, анкетирование, UX: разработка концептуального макета, UX: детальный дизайн, UX: тексты, UX: настройка процессов в команде"
26691,rodion_yakovlev,https://solvery.io/ru/mentor/rodion_yakovlev,Родион Яковлев,Руководитель проектного офиса,ООО МАДПО,Москва,Europe/Moscow,2916,rub,0,1,,"Управление проектами, Управление командой, Управление продуктом, Miro, Jira, Confluence, Asana, Управление проектным офисом, Управление портфелем проектов, Управление требованиями, Управление документацией, Управление ИТ, Стратегическое управление, Управление организационными изменениями, Управление знаниями в команде"
26104,gumbash,https://solvery.io/ru/mentor/gumbash,Алексей Гумбин,Старший операционный аналитик,Купер,Москва,Europe/Moscow,2916,rub,2,37,,"Data Science, Бизнес аналитика, PostgreSQL, Базы данных, Python, Git, SQL, ETL, MySQL, Прохождение собеседований, Статистика, A/B testing, Аналитика, Pandas, ClickHouse, Tableau, Продуктовые метрики, SQLAlchemy, Apache Airflow, Jupyter Notebook, BI-системы"
26379,popov_aleksandr_a,https://solvery.io/ru/mentor/popov_aleksandr_a,Александр Попов,iOS Engineer,Ланта,Тамбов,Europe/Moscow,2916,rub,3,20,,"Мобильная разработка, Git, Firebase, REST API, Style guide, UI kit, iOS, Swift, Xcode, Push Notifications, Многопоточность , iOS SDK, Карьерное консультирование"
26296,fixten,https://solvery.io/ru/mentor/fixten,Даниил Долинчук,JavaScript engeneer,,Москва,Europe/Moscow,2916,rub,1,6,,"Бэкенд, Фронтенд, HTML, CSS, JavaScript, React, Redux, TypeScript, Jest, Git, Доступность сайтов, Mobile first, Семантичная вёрстка, UI kit, TDD, Верстка, ESLint, Unit Tests"
26269,shpavel2508,https://solvery.io/ru/mentor/shpavel2508,Павел  Шиляев,Senior Project Manager,Авито,Москва,Europe/Moscow,2916,rub,0,11,,"Управление командой, Управление проектами, HR, Kanban, Scrum, Тест-кейсы, Agile, Управление проектным офисом, Управление портфелем проектов, Управление организационными изменениями, HR: мотивация сотрудников, HR: обучение и развитие, HR: внутренняя коммуникация и корпоративная культура, HR: оценка и аттестация, Публичные выступления, Карьера: Составление резюме"
17455,oleg_masaynov,https://solvery.io/ru/mentor/oleg_masaynov,Олег Масайнов,Senior Product Analyst,Lamoda Tech,Москва,Europe/Moscow,2916,rub,1,8,,"Управление командой, Бизнес аналитика, Data Engineering, Базы данных, Python, SQL, Продуктовая аналитика, Прохождение собеседований, A/B testing, Visualization, Продуктовые метрики, Карьера: Составление резюме, GitLab, Superset, Apache Airflow"
26068,marianovorussova,https://solvery.io/ru/mentor/marianovorussova,Мария Новоруссова,Talent Partner,Т-Банк,Москва,Europe/Moscow,2916,rub,0,3,,"Управление командой, Управление проектами, HR, HR: подбор и адаптация, HR: обучение и развитие, Публичные выступления, Карьера: Поиск работы, Карьера: Составление резюме, Коучинг, Развитие soft skills, Найм команды, Организационная структура, Бизнес-процессы, Фасилитация, продюсирование мероприятий в IT , Подбор экспертов, Анализ конкурентов, Позиционирование на рынке, Управление образовательным продуктом"
25759,kvasov,https://solvery.io/ru/mentor/kvasov,Андрей Квасов,QA Lead,2gis,Москва,Europe/Moscow,2916,rub,3,25,,"Тестирование, Управление командой, Git, SQL, REST API, Kanban, Scrum, Тест-кейсы, Процессы разработки и тестирования, Прохождение собеседований, Функциональное тестирование, Карьера: Составление резюме, Chrome DevTools, People management, Найм команды"
25595,anastasiya_iv,https://solvery.io/ru/mentor/anastasiya_iv,Анастасия Иванчикова,"Senior Graphic Designer, Art Director",Галамарт,Москва,Europe/Kaliningrad,2916,rub,1,21,,"Дизайн, UI, UX, Figma, Графический дизайн, Прохождение собеседований, Верстка, Freelance, Карьера: Поиск работы, Карьера: Составление резюме, Нейросети, UX: лендинги"
25614,mrerberg,https://solvery.io/ru/mentor/mrerberg,Михаил Черемухин-Рерберг,Frontend Team Lead,Uchi.ru,Москва,Europe/Moscow,2916,rub,1,52,,"Управление командой, Фронтенд, HTML, CSS, JavaScript, React, Redux, Node.js, TypeScript, Clean Architecture, Доступность сайтов"
23759,nearmetema,https://solvery.io/ru/mentor/nearmetema,Артём Тютин,Продуктовый дизайнер,ВКонтакте,Москва,Europe/Moscow,2916,rub,0,6,,"Дизайн, UI, UX, Figma, Material Design, Интерфейсы, Карьера: Поиск работы, Карьера: Linkedin, Дизайн Система, Продуктовый дизайн, Карьера: Составление резюме"
25191,cwark,https://solvery.io/ru/mentor/cwark,Алексей Ходырев,Руководитель управления контроля качества,"ТК ""Центр""",Москва,Europe/Moscow,2916,rub,0,1,,"Тестирование, Управление командой, HR, Kanban, Scrum, Автоматизация тестирования, Тест-кейсы, Процессы разработки и тестирования, Прохождение собеседований, CI/CD, Мотивация команды, Функциональное тестирование, Управление организационными изменениями, Распределённая команда, Управление знаниями в команде, HR: подбор и адаптация, HR: оценка и аттестация, HR: обучение и развитие, HR: формирование команд, Менеджмент 3.0, Развитие карьеры, Теория ограничений, Управление ИТ, Карьера: Поиск работы, Карьера: Составление резюме, Коучинг, Коучинг: бизнес-коучинг, Коучинг: целеполагание, SMART Цели, People management, Найм команды, Тайм-менеджмент, Качество продуктов и услуг, OKR, настройка процессов в команде, Карьерное консультирование"
25199,kagegrifon,https://solvery.io/ru/mentor/kagegrifon,Grigorii Veinin,Senior Frontend Developer,,Samui,Asia/Bangkok,2916,rub,1,35,,"Фронтенд, HTML, CSS, JavaScript, Sass, Webpack, React, Node.js, TypeScript, PostgreSQL, Jest, Паттерны проектирования"
25213,sineylo,https://solvery.io/ru/mentor/sineylo,Владимир Вавщик,Frontend Team Lead,HTML Academy,Хабаровск,Asia/Vladivostok,2916,rub,0,2,,"Управление командой, Управление продуктом, Фронтенд, HTML, CSS, JavaScript, SVG, Sass, Gulp, Webpack, Bootstrap, Pug, TypeScript, SCSS, Figma, A11y, БЭМ, Доступность сайтов, Кроссбраузерная оптимизаци, Mobile first, Семантичная вёрстка, UI kit, Перфоманс и скорость загрузки, Lighthouse, Прохождение собеседований, Верстка, Анимации CSS, ESLint, Мотивация команды, Freelance, Frontend Performance, Техническое задание, Карьера: Поиск работы, Карьера: Составление резюме, Chrome DevTools, Технический писатель, Разработка технической документации, Использование ИИ"
23169,valerianochka,https://solvery.io/ru/mentor/valerianochka,Валерия Михайлова,Senior UX/UI Designer,,Москва,Europe/Moscow,2916,rub,0,1,,"Дизайн, UI, UX, Figma, Userflow, Интерфейсы, UI kit, Дизайн Система, UX: разработка сценариев, Прототипирование"
24677,,,Кирилл Ведешкин,QA Engineer,"гк ""СтройСофт""",Москва,Europe/Moscow,2916,rub,0,10,,"Тестирование, Процессы разработки и тестирования, Функциональное тестирование"
24509,,,Татьяна Ануфриева,менеджер по работе с маркетплейсами,BEIBER,Санкт-Петербург,Europe/Moscow,2916,rub,0,3,,"Маркетинг, Аналитика, wildberries, Ozon, Мегамаркет, Яндекс Маркет"
24351,,,Михаил Коновалов,Product Manager,Платежный сервис А-3 ,Москва,Europe/Moscow,2916,rub,0,5,,"Управление продуктом, Маркетинг, Управление проектами, MVP, Customer Journey Map, Kanban, Scrum, Прохождение собеседований, Продуктовые метрики, Продуктовая стратегия, Стартапы: продвижение, Стартапы: запуск, FoodTech, User Story, Маркетинг: анализ конкурентов, Тестирование продуктовых гипотез, Ценностное предложение, CJM"
23767,giperione,https://solvery.io/ru/mentor/giperione,Максим Китано,Senior 3D artist,Pioner studios,Санкт-Петербург,Europe/Moscow,2916,rub,0,9,,"Управление командой, Дизайн, Разработка игр, Unreal Engine, 3д моделирование, Maya, Blender, Adobe Substance 3D Painter, Marmoset Toolbag, Texture Baking, Hard-Surface"
23373,ededed,https://solvery.io/ru/mentor/ededed,Эдгар Пилипсон,Senior software engineer,Luxoft,Белград,Europe/Belgrade,2916,rub,0,12,,"Бэкенд, Фронтенд, JavaScript, React, Angular, TypeScript, MongoDB, PostgreSQL, C#, SQL, Clean Architecture, Rabbitmq, ASP.NET Core, MS SQL, Azure cloud, Unit Tests, Software Architecture"
23300,steffen_sorkin,https://solvery.io/ru/mentor/steffen_sorkin,Степан Сорокин,Delivery manager,,Москва,Europe/Moscow,2916,rub,0,86,,"Управление командой, Управление продуктом, Управление проектами, Canvas, JTBD, MVP, Kanban, Scrum, Процессы разработки и тестирования, Архитектура процессов, Agile, Управление требованиями, Управление документацией, Jira, BPMN, Управление ИТ, User Story, Waterfall, SMART Цели, Trello, Miro, People management, Найм команды, Бизнес-процессы, Фасилитация, OKR, Delivery managment, UML диаграммы"
22175,maria_alexandrovna,https://solvery.io/ru/mentor/maria_alexandrovna,Мария Кириченко,Senior product manager,Эвотор,Екатеринбург,Asia/Yekaterinburg,2916,rub,1,35,,"Управление продуктом, Маркетинг, Управление проектами, Продуктовая аналитика, Мотивация команды, Статистика, A/B testing, Customer development, Управление организационными изменениями, CEO, CPO, Юнит-экономика, Customer experience, Growth hacking, Продуктовые метрики, Продуктовая стратегия, Публичные выступления, B2B-продажи, User Story, Маркетинг: анализ конкурентов, Маркетинг: оценка рынка, Тестирование продуктовых гипотез, Стратегическое планирование, UX: юзабилити аудит, UX: разработка сценариев, UX: интервью, опросы, анкетирование, Переговоры, Бизнес-процессы, Тайм-менеджмент, Стратегическое управление, Клиентский Сервис, Аналитика данных, Менеджмент Стейкхолдеров, UX: тексты, OKR"
21815,slamduck,https://solvery.io/ru/mentor/slamduck,Александр Смирнов,"Арт-директор, дизайнер, разработчик",Code Studio,Новосибирск,Asia/Krasnoyarsk,2916,rub,0,29,,"Дизайн, Бэкенд, Фронтенд, HTML, CSS, JavaScript, Figma, UI, UX, Django"
21359,vallek,https://solvery.io/ru/mentor/vallek,Валера Хаслер,Веб-разработчик и преподаватель,портфолио и резюме,Санкт-Петербург,Europe/Moscow,2916,rub,0,11,,"Фронтенд, HTML, CSS, JavaScript, Figma, Git, БЭМ, Верстка, WordPress"
20946,rob,https://solvery.io/ru/mentor/rob,Илья  Слесаренко,Business System Analyst,Exness,Будва,Europe/Budapest,2916,rub,0,71,,"Системная аналитика, Бизнес аналитика, Архитектура процессов, Проектирование интеграций, Техническая документация, User Story, Концепция и границы, Карьера: Релокейт, BPMN, UML, Confluence, Системное проектирование, Управление документацией, Управление требованиями"
18715,kn,https://solvery.io/ru/mentor/kn,Николай Коновалов,Head of QA,Prisma labs,Лимасол,Europe/Istanbul,2916,rub,1,61,,"Тестирование, Управление командой, Python, REST API, Автоматизация тестирования, Тест-кейсы, Jira, Продуктовые метрики, Confluence, Digital Ocean, Стратегическое управление, Масштабирование команды, Нейросети, ИИ/AI, BigQuery, Testrail, Техническая документация, Тестирование продуктовых гипотез"
18239,,,Владислав Мухин,Cheff Marketing Officer,Link Group ,Екатеринбург,Asia/Yekaterinburg,2916,rub,2,9,,"Управление командой, Управление продуктом, Маркетинг, Продуктовая аналитика, Customer Journey Map, Прохождение собеседований, Google ads, Яндекс Метрика, Яндекс Ads, Управление портфелем проектов, Юнит-экономика, Customer experience, Growth hacking, Продуктовые метрики, Продуктовая стратегия, Маркетинг: стратегия, Маркетинг: процессы, Маркетинг: найм, Маркетинг: трекинг, Маркетинг: контент, Маркетинг: инфлюенс, Публичные выступления, Стартапы: продвижение, Стартапы: запуск, Тестирование продуктовых гипотез, Маркетинг: сегментация, Маркетинг: персоны, CRM Маркетинг, Маркетинговый аудит, Таргетированная реклама: VK, Таргетированная реклама: Facebook, Таргетированная реклама: Instagram, Тайм-менеджмент"
16317,daria_ilyushina,https://solvery.io/ru/mentor/daria_ilyushina,Дарья Илюшина,Product manager,,Буэнос-Айрес,America/Argentina/Buenos_Aires,2916,rub,5,86,,"Управление командой, Управление продуктом, HR, JTBD, Продуктовая аналитика, Customer Journey Map, Kanban, Scrum, Прохождение собеседований, Customer development, Управление организационными изменениями, HR: подбор и адаптация, HR: мотивация сотрудников, HR: оценка и аттестация, HR: обучение и развитие, HR: формирование команд, HR: аналитика, Управление требованиями, Юнит-экономика, Продуктовые метрики, Продуктовая стратегия, User Story, Тестирование продуктовых гипотез, Карьера: Поиск работы, Карьера: Составление резюме, Карьера: Linkedin, Карьера: Релокейт, SMART Цели, People management, Найм команды, Организационная структура, Бизнес-процессы, Customer experience, A/B testing"
16211,griks,https://solvery.io/ru/mentor/griks,Ксения Гришеня,Дизайнер интерфейсов,,Ростов-на-Дону,Europe/Moscow,2916,rub,0,19,,"Дизайн, UI, UX, Figma, JTBD, Userflow, Интерфейсы, Customer Journey Map, UI kit, UX: анализ конкурентов, UX: тексты, Прототипирование, Юзабилити аудит"
15875,alxgrs,https://solvery.io/ru/mentor/alxgrs,Александр Грищенко,Backend developer,,Сочи,Europe/Moscow,2916,rub,0,65,,"Бэкенд, Управление продуктом, Системная аналитика, Ruby, MVP, REST API, Software Engineering, Процессы разработки и тестирования, Software Architecture, Стартапы: запуск, Тестирование продуктовых гипотез"
10140,stereofun1,https://solvery.io/ru/mentor/stereofun1,Дмитрий Пилипань,Product designer,Европейский fintech продукт,Санкт-Петербург,Europe/Moscow,2916,rub,8,191,,"Дизайн, UI, UX, Figma, JTBD, Userflow, Интерфейсы, Продуктовая аналитика, Customer Journey Map, Mobile first, Kanban, Scrum, Мотивация команды, Google analytics, Яндекс Метрика, Развитие карьеры, Customer experience, Продуктовые метрики, Публичные выступления, User Story, Карьера: Составление резюме"
10057,igor_osavoluk,https://solvery.io/ru/mentor/igor_osavoluk,Игорь Осаволюк,Техлид,,Ижевск,Asia/Tbilisi,2916,rub,1,128,,"Мобильная разработка, Бэкенд, Фронтенд, MongoDB, PostgreSQL, Базы данных, C#, Производительность, REST API, Architecture, Перфоманс и скорость загрузки, MySQL, ASP.NET Core, SQLite, MS SQL, .NET core, Blazor, Entity Framework, Алгоритмы, WindowsForm, Software Architecture, Customer development, Развитие карьеры, Стартапы: запуск, IT аудит, Карьера: Поиск работы, Карьера: Составление резюме, Карьера: Linkedin"
9857,nikita_matveev,https://solvery.io/ru/mentor/nikita_matveev,Никита Матвеев, product designer,Онлайн кинотеатр Viju (ex Яндекс Практикум),Санкт-Петербург,Europe/Moscow,2916,rub,2,265,,"Дизайн, UI, UX, Типографика, JTBD, Userflow, Material Design, Дизайн-стратегия, Графический дизайн, Интерфейсы, Продуктовая аналитика, Style guide, Прохождение собеседований, Fintech, Развитие карьеры, Маркетинг: стратегия, Дизайн Система, Карьера: Поиск работы, Карьера: Составление резюме, Карьера: Linkedin, Коучинг, Коучинг: лайф-коучинг, UX: анализ конкурентов, UX: юзабилити аудит, UX: разработка сценариев, UX: интервью, опросы, анкетирование, UX: детальный дизайн, Развитие soft skills, Найм команды, UX: тексты, UX: лендинги, UX: настройка процессов в команде, Прототипирование, CJM, Карьерное консультирование, Юзабилити аудит"
9696,aylova_ai,https://solvery.io/ru/mentor/aylova_ai,Анастасия Михайлова,Графический дизайнер,,Москва,Europe/Moscow,2916,rub,3,176,,"Дизайн, Логотип, Анимация, After Effects, Айдентика, Фирменный стиль, Упаковка, Графический дизайн, Прохождение собеседований, Развитие soft skills"
9609,filippovaa_design,https://solvery.io/ru/mentor/filippovaa_design,Полина Филиппова,Арт-директор,Коммуникационное агентство paper planes,Москва,Europe/Moscow,2916,rub,2,40,,"Управление командой, Дизайн, Маркетинг, Логотип, Типографика, Айдентика, Фирменный стиль, Упаковка, Дизайн-стратегия, Графический дизайн, Публичные выступления, Коучинг: целеполагание, SWOT, SMART Цели, Развитие soft skills, Тайм-менеджмент, Нейминг"
9283,keril,https://solvery.io/ru/mentor/keril,Кирилл Пугачев,Product manager,Pay,Тель-Авив,Asia/Jerusalem,2916,rub,0,14,,"Управление продуктом, Управление проектами, Бизнес аналитика, Юнит-экономика, SQL, Продуктовая аналитика, Scrum, Jira, Продуктовая стратегия, Тестирование продуктовых гипотез"
8328,illian,https://solvery.io/ru/mentor/illian,Алексей Подойников,Seniaor Java developer,Детский мир,Новосибирск,Asia/Krasnoyarsk,2916,rub,1,56,,"Бэкенд, Java, PostgreSQL, Spring, Hibernate, Базы данных, Maven"
8094,valeevmaratraf,https://solvery.io/ru/mentor/valeevmaratraf,Марат Валеев,Unity Developer,Skytechsport inc,Нижнекамск,Europe/Moscow,2916,rub,0,96,,"Разработка игр, Мобильная разработка, C#, Unity, Unity3D, .NET core"
7642,daria_k,https://solvery.io/ru/mentor/daria_k,Дарья  Курдик,UX-исследователь,Веб технологии и решения,Санкт-Петербург,Europe/Moscow,2916,rub,3,26,,"Бизнес аналитика, Дизайн, Маркетинг, UI, UX, Figma, JTBD, Userflow, Интерфейсы, Customer Journey Map, Style guide, UI kit, Паттерны проектирования, A/B testing, Аналитика, Visualization, Customer development, Google analytics, Яндекс Метрика, Customer experience, Продуктовые метрики, Дизайн Система, User Story, Тестирование продуктовых гипотез, UX: анализ конкурентов, UX: юзабилити аудит, UX: синтез персонажей, UX: разработка сценариев, UX: разработка концептуального макета, UX: детальный дизайн, Анализ конкурентов, Юзабилити аудит"
5744,blue_brain,https://solvery.io/ru/mentor/blue_brain,Дмитрий Чернов,Главный инженер по разработке,Domclick.ru,Санк-Петербург,Europe/Moscow,2916,rub,0,182,,"Тестирование, Фронтенд, HTML, CSS, JavaScript, React, Redux, TypeScript, Git, REST API, SCSS, Процессы разработки и тестирования, Прохождение собеседований, Gitflow"
4999,starburg2,https://solvery.io/ru/mentor/starburg2,Евгений Хомутов,Продуктовый дизайнер,Т-Банк,Москва,Europe/Moscow,2916,rub,1,6,,"Дизайн, UI, UX, Figma, Дизайн-стратегия, Интерфейсы, UI kit, Прохождение собеседований, Freelance, Развитие карьеры, Карьера: Поиск работы, Карьера: Составление резюме, Карьера: Linkedin, Карьера: Релокейт"
27961,knbvsv,https://solvery.io/ru/mentor/knbvsv,Светлана Конобеева,Product Designer,Sendsay,Санкт-Петербург,Europe/Moscow,2953,rub,0,5,,"Дизайн, UI, UX, Figma, Интерфейсы, Продуктовые метрики, Дизайн Система"
24372,ruvasik,https://solvery.io/ru/mentor/ruvasik,Владимир Алексеев,Tech-lead,,Москва,Europe/Moscow,2999,rub,0,1,,"Бэкенд, Управление командой, Фронтенд, JavaScript, React, Node.js, PHP, Python, SQL, Go, React Native, NoSQL"
5936,morugin,https://solvery.io/ru/mentor/morugin,Петр Моругин,CPO,Студия Артемия Лебедева,Москва,Europe/Moscow,2999,rub,0,1,,"Управление командой, Управление продуктом, Управление проектами, MVP, Продуктовая аналитика, Прохождение собеседований, HR: подбор и адаптация, HR: формирование команд, Финансовое моделирование, Growth hacking, Продуктовые метрики, Продуктовая стратегия, Стартапы: продвижение, Стартапы: запуск, Стартапы: трекинг, Управление ИТ, Тестирование продуктовых гипотез, Найм команды, настройка процессов в команде, Запуск стартапов"
23475,,,Антон Малишевский,"Помогу вам эффективно управлять маркетингом, проектами и командами, прокачать карьеру и пройти интервью.",,Минск,Europe/Minsk,3062,rub,2,48,,"Управление командой, Маркетинг, Управление проектами, Производительность, Мотивация команды, Управление организационными изменениями, Распределённая команда, Менеджмент 3.0, Развитие карьеры, Продуктовая стратегия, Маркетинг: стратегия, Маркетинг: процессы, Публичные выступления, Маркетинг: исследования, Маркетинг: анализ конкурентов, Маркетинг: оценка рынка, Тестирование продуктовых гипотез, Маркетинг: сегментация, Маркетинг: персоны, Коучинг, Коучинг: бизнес-коучинг, Стратегическое планирование, Маркетинговый аудит, Развитие soft skills, People management, Организационная структура, Бизнес-процессы, настройка процессов в команде, продюсирование конференций и митапов, Операционный маркетинг , B2B-маркетинг"
23243,vguseynov,https://solvery.io/ru/mentor/vguseynov,Вадим Гусейнов,Ведущий специалист по разработке,Tele2,Москва,Europe/Moscow,3062,rub,0,53,,"Бэкенд, DevOps, PostgreSQL, Git, SQL, Java, REST API, Docker, Rabbitmq, Elasticsearch, Spring, Microservices, Spring Boot, Hibernate, Maven, Spring Framework, GitlabCI, WindowsForm, Cassandra, Kafka, IntelliJ Platform SDK, GitLab, Prometheus, Grafana, Карьерное консультирование, JUnit, ACID, JWT, Heroku"
27363,anton_nik,https://solvery.io/ru/mentor/anton_nik,Антон Никифоров, Marketing Director Dodo Pizza UAE,Dodo,Дубай,Asia/Dubai,3062,rub,1,25,,"Управление командой, Управление продуктом, Маркетинг, Прохождение собеседований, Growth hacking, Продуктовые метрики, Продуктовая стратегия, Маркетинг: стратегия, Маркетинг: процессы, Стартапы: продвижение, Стартапы: запуск, Продажи, Маркетинг: исследования, Маркетинг: анализ конкурентов, Маркетинг: оценка рынка, Карьера: Поиск работы, Маркетинговый аудит, Бизнес-процессы, Тайм-менеджмент"
28681,murzak,https://solvery.io/ru/mentor/murzak,Михаил Мурзак,Senior Product Designer,Ozon,Москва,Europe/Moscow,3062,rub,0,9,,"Дизайн, UI, Tilda, UX, Figma, JTBD, Material Design, Дизайн-стратегия, Интерфейсы, Customer Journey Map, UI kit, Дизайн Система, User Story, Карьера: Поиск работы, Карьера: Составление резюме, UX: анализ конкурентов, UX: юзабилити аудит, UX: разработка сценариев, UX: интервью, опросы, анкетирование, UX: разработка концептуального макета, UX: детальный дизайн, NFT, No-code, Маркетплейсы, Ozon, Прототипирование, CJM, Юзабилити аудит, App Store, Использование ИИ"
28309,,,Станислав Тищенко,Product Owner (ex System Analyst),Альфа-Банк,Москва,Europe/Moscow,3062,rub,0,0,,"Управление командой, Управление продуктом, Системная аналитика, Развитие карьеры, Продуктовые метрики, настройка процессов в команде"
22532,arinaballerina,https://solvery.io/ru/mentor/arinaballerina,Арина Балерина,Экс-руководитель разработки технической документации,ВКонтакте,Санкт-Петербург,Europe/Moscow,3062,rub,0,1,,"Управление продуктом, Управление проектами, Git, REST API, Подготовка технических докладов, Прохождение собеседований, Управление знаниями в команде, Управление документацией, Развитие карьеры, Карьера: Поиск работы, Карьера: Составление резюме, Развитие soft skills, Найм команды, Техническая документация, API запросы, Технический писатель, Разработка технической документации, SSG, Автоматизация документирования"
25758,mihail_shamin,https://solvery.io/ru/mentor/mihail_shamin,Михаил Шамин,Дизайн-лид,Промсвязьбанк (псб),Москва,Europe/Moscow,3062,rub,0,1,,"Управление командой, Управление продуктом, Дизайн, UI, UX"
4820,alexey_shaykov,https://solvery.io/ru/mentor/alexey_shaykov,Алексей Шайков,Frontend Developer,IT Digital company,Тбилиси,Asia/Tbilisi,3062,rub,7,145,,"Управление командой, Управление продуктом, Фронтенд, HTML, CSS, JavaScript, Less, Sass, Webpack, Rollup, React, Redux, TypeScript, Vue.js, ESLint, Frontend Performance"
25690,zykininho,https://solvery.io/ru/mentor/zykininho,Михаил Зыкин,Ведущий разработчик 1С. Наставник на онлайн-курсе,Kept,Москва,Europe/Moscow,3065,rub,0,12,,"1C, Кластер серверов 1С, Администрирование 1С, 1С Запросы и СКД, 1С:ERP, 1С:УХ (Управление Холдингом), 1С:БП (Бухгалтерия Предприятия), 1С:УНФ (Управление Нашей Фирмой), 1С:ЗУП (Зарплата и Управление Персоналом), 1С:ДО (Документооборот), 1С Зарплата и управление персоналом"
10112,snakelizzard,https://solvery.io/ru/mentor/snakelizzard,Павел Коломиец,Chromium dev,,Санкт-Петербург,Europe/Moscow,3065,rub,0,17,,"Мобильная разработка, Бэкенд, Фронтенд, C++, Браузеры, Машинное обучение, Найм команды, Chrome DevTools, AdTech, Qt, Text generation, Software Engineering, Computer Vision, OpenCV"
7719,max_antipin,https://solvery.io/ru/mentor/max_antipin,Максим Антипин,Разработчик бэкенд решений,РНКБ Банк (ПАО),Курск,Europe/Moscow,3167,rub,1,9,,"Бэкенд, PHP, Git, Docker, Symfony"
29298,kamunicorn,https://solvery.io/ru/mentor/kamunicorn,Вера Шингарева,Ex. Эксперт по цифровой доступности,РТЛабс,Петропавловск-Камчатский,Asia/Kamchatka,3208,rub,0,0,,"Тестирование, A11y, Доступность сайтов, Семантичная вёрстка, AOM, Chrome DevTools"
29098,vasyukovevgeny,https://solvery.io/ru/mentor/vasyukovevgeny,Евгений Васюков,Аналитик ,ИЦ «Ай-Теко»,Москва,Europe/Moscow,3208,rub,0,0,,"Бизнес аналитика, Системная аналитика, PostgreSQL, Базы данных, SQL, REST API, Паттерны проектирования, Kafka"
28068,kolipseazer,https://solvery.io/ru/mentor/kolipseazer,Михаил Морозов,"Ведущий дизайнер, UX/UI",Аэрофлот,Москва,Europe/Moscow,3208,rub,1,11,,"Дизайн, UI, UX, Figma, Интерфейсы, Доступность сайтов, Прохождение собеседований, Дизайн систем"
24457,mari_din,https://solvery.io/ru/mentor/mari_din,Мария Клушина,Senior Web Designer/UX UI designer,Getcourse,Москва,Europe/Moscow,3208,rub,0,23,,"Фронтенд, Дизайн, Маркетинг, HTML, CSS, UI, Tilda, UX, Типографика, Figma, Userflow, Графический дизайн, Аналитика, Маркетинговый аудит, UX: лендинги, лендинги, Юзабилити аудит"
22500,,,Фёдор Громов,Senior frontend developer,Noveo,Москва,Europe/Moscow,3208,rub,0,45,,"Фронтенд, HTML, CSS, JavaScript, Sass, React, Next.Js, Redux, TypeScript, SCSS, Git, REST API"
19487,bondarenko_ux_ui_design,https://solvery.io/ru/mentor/bondarenko_ux_ui_design,Артём Бондаренко,Senior UX/UI Designer ,Wealthapi,Мюнхен,Europe/Berlin,3208,rub,15,43,,"Дизайн, Маркетинг, UI, UX, Figma, Userflow, Айдентика, Графический дизайн, UI kit, A/B testing, Дизайн Система, Маркетинг: персоны, Карьера: Поиск работы, Карьера: Составление резюме, Карьера: Linkedin, Карьера: Релокейт, Дизайн систем, UX: лендинги"
16390,al_y_semenov,https://solvery.io/ru/mentor/al_y_semenov,Александр Семенов,Product Manager,Тинькофф,Москва,Europe/Moscow,3208,rub,1,35,,"Управление продуктом, Бизнес аналитика, Управление проектами, UX, JTBD, Userflow, MVP, Продуктовая аналитика, Kanban, Scrum, Мотивация команды, A/B testing, Fintech, Customer development, Agile, Распределённая команда, Jira, Юнит-экономика, Customer experience, Финансовое моделирование, Growth hacking, Продуктовые метрики, Продуктовая стратегия, Confluence, Управление ИТ, Тестирование продуктовых гипотез, Trello"
5512,zhigulingo,https://solvery.io/ru/mentor/zhigulingo,Глеб Жигулин,Моушен Дизайнер,ZGO.DESIGN ,Москва,Europe/Moscow,3208,rub,1,17,,"Дизайн, Маркетинг, Управление проектами, Figma, Анимация, Motion-design, NFT, Adobe After Effects, Дизайн обучающих мероприятий, ИИ/AI, No-code"
27925,,,Анна Белянина,Директор по клиентскому сервису,Adventum,Москва,Europe/Moscow,3240,rub,0,0,,"Управление командой, Маркетинг, Управление проектами, Прохождение собеседований, Развитие карьеры, Юнит-экономика, Маркетинг: стратегия, Маркетинг: анализ конкурентов, Таргетированная реклама: VK, Клиентский Сервис, Карьерное консультирование, Операционный маркетинг , Маркетинговая аналитика, Telegram ads, Яндекс Директ, Упаковка проекта"
1882,alex_davydov,https://solvery.io/ru/mentor/alex_davydov,Саша Давыдов,Лид продуктовой аналитики,Самокат,Москва,Europe/Moscow,3281,rub,19,534,,"Управление командой, Data Science, Бизнес аналитика, Базы данных, Python, SQL, Продуктовая аналитика, Freelance, Статистика, A/B testing, Аналитика, Numpy, Pandas, Visualization, Tableau, Распределённая команда, excel, power BI"
2728,tarasov,https://solvery.io/ru/mentor/tarasov,Антон Тарасов,ex-cтарший продакт менеджер,ВКонтакте,Красная Поляна,Europe/Moscow,3354,rub,11,115,,"Управление продуктом, Маркетинг, HR, Tilda, UX, JTBD, Продуктовая аналитика, Прохождение собеседований, Аналитика, Customer development, Agile, Распределённая команда, CEO, HR: оценка и аттестация, HR: обучение и развитие, HR: формирование команд, HR: аналитика, CPO, Jira"
17415,victoria_blt,https://solvery.io/ru/mentor/victoria_blt,Виктория Булатникова,Global Product Marketing Lead | Startup & growth mentor,OroraTech GmbH,Мюнхен,Europe/Berlin,3354,rub,0,30,,"Управление продуктом, Дизайн, Маркетинг, JTBD, Customer Journey Map, Customer development, Развитие карьеры, Growth hacking, Маркетинг: стратегия, Маркетинг: процессы, Маркетинг: найм, Маркетинг: контент, Стартапы: продвижение, Стартапы: запуск, Маркетинг: исследования, Маркетинг: оценка рынка, Маркетинг: сегментация, Маркетинг: персоны, Карьера: Linkedin, Карьера: Релокейт, Email Маркетинг, CRM Маркетинг, Маркетинговый аудит, Brand-management, Ценностное предложение, Релокация, Развитие личного бренда, Позиционирование на рынке, Маркетинговая аналитика, B2B-маркетинг, Cобеседование на английском языке, Трудоустройство в зарубежные компании, Маркетинговая коммуникация, Коммуникационная стратегия, Контент-план, Использование ИИ, Запуск стартапов"
922,rakutavo,https://solvery.io/ru/mentor/rakutavo,Владимир Ракута,Старший инженер-программист,Yadro,Москва,Europe/Moscow,3354,rub,1,19,,"Разработка игр, Бэкенд, Python, C++, Docker, Linux, Rabbitmq, Алгоритмы, Unreal Engine, ClickHouse"
29262,dfurtsev,https://solvery.io/ru/mentor/dfurtsev,Дмитрий Фурцев,Архитектор 1С. Наставник на курсе в Яндекс.Практикум,Wiseadvice,Москва,Europe/Moscow,3400,rub,0,0,,"1C, Прохождение собеседований, Анализ и поиск решения (bugfix), Разработка на 1C, Мобильная разработка на 1C, Кластер серверов 1С, Администрирование 1С, 1С Запросы и СКД, 1С:БП (Бухгалтерия Предприятия), 1С:УНФ (Управление Нашей Фирмой), 1С:ЗУП (Зарплата и Управление Персоналом), Проектирование интеграций, Развитие карьеры, Публичные выступления, IT аудит"
21608,yabs_olga,https://solvery.io/ru/mentor/yabs_olga,Ольга Яблонская,Ведущий UX исследователь,Звук,Москва,Europe/Kaliningrad,3427,rub,1,8,,"Дизайн, UX, Userflow, Интерфейсы, Customer Journey Map, Прохождение собеседований, Customer development, Customer experience, Тестирование продуктовых гипотез, UX: анализ конкурентов, UX: юзабилити аудит, UX: разработка сценариев, UX: интервью, опросы, анкетирование, CJM, Юзабилити аудит"
24544,zolotukhin,https://solvery.io/ru/mentor/zolotukhin,Егор Золотухин,Head of Product,SKL.vc,Белград,Europe/Paris,3500,rub,1,6,,"Управление командой, Управление продуктом, Маркетинг, Продуктовая аналитика, Продуктовая стратегия, Стартапы: продвижение, Стартапы: запуск, Стартапы: трекинг, Стартапы: инвестиции, Тестирование продуктовых гипотез"
8402,masleshov,https://solvery.io/ru/mentor/masleshov,Леонид  Маслешов,Senior Software Development Engineer,Invia Investments,Патонг,Asia/Bangkok,3500,rub,1,122,,"Бэкенд, MongoDB, PostgreSQL, Базы данных, C#, Git, SQL, Производительность, Kotlin, Java, Clean Architecture, REST API, Java SE, Docker, Linux, Rabbitmq, Elasticsearch, Spring, Microservices, Architecture, Spring Boot, Hibernate, MySQL, Структуры данных, ASP.NET Core, MS SQL, Software Engineering, Прохождение собеседований, Spring Framework, .NET core, Blazor, Oracle, PL SQL, Entity Framework, Анализ и поиск решения (bugfix), Паттерны проектирования, Unit Tests, Echo, Go, Swagger, Freelance, OOP, Software Architecture, Fintech, Kafka, NoSQL"
26891,bravedesigner,https://solvery.io/ru/mentor/bravedesigner,Анастасия Девятова,Product Designer,Tripster,Ташкент,Asia/Tashkent,3500,rub,0,4,,"Дизайн, UX, Figma, JTBD, Userflow, MVP, Дизайн-стратегия, Интерфейсы, Customer Journey Map, Доступность сайтов, UI kit, Fintech, Customer development, Nomad, Управление знаниями в команде, Развитие карьеры, Customer experience, Продуктовые метрики, Дизайн Система, EdTech, User Story, UX: анализ конкурентов, UX: юзабилити аудит, UX: разработка сценариев, UX: интервью, опросы, анкетирование, UX: разработка концептуального макета, UX: детальный дизайн, UX: тексты, UX: настройка процессов в команде, CJM, Юзабилити аудит"
7552,martin_eden,https://solvery.io/ru/mentor/martin_eden,Юрий Пасхин,"Программист-разработчик 1С, Преподаватель. Автор и руководитель курса «Профессиональная разработка в 1С:EDT + Git»",Otus,Нижний Новгород,Europe/Moscow,3500,rub,4,214,,"1C, Git, Разработка на 1C, Мобильная разработка на 1C, Разработка в 1C:EDT, 1С Запросы и СКД, 1С:ERP, CI/CD, Jenkins"
4588,decembrin,https://solvery.io/ru/mentor/decembrin,Дмитрий Сергеев,Software Engineer,Контур,Тюмень,Asia/Yekaterinburg,3500,rub,27,240,,"Бэкенд, PostgreSQL, Базы данных, Python, SQL, REST API, Docker, Linux, AWS, Rabbitmq, MySQL, Django, Django REST framework, CI/CD, Pandas, Kafka, ClickHouse, Yandex.Cloud, Redis, Digital Ocean, GitLab, FastAPI, SQLAlchemy, Amazon S3"
24140,emil,https://solvery.io/ru/mentor/emil,Эмиль Сафиуллин,Продуктовый дизайнер,Cloudpayments,Казань,Europe/Moscow,3532,rub,5,173,,"Дизайн, UI, UX, Figma, Пиктограммы, Интерфейсы, Прохождение собеседований, Паттерны проектирования, Fintech, Развитие карьеры, Продуктовые метрики, Дизайн Система, Карьера: Составление резюме, UX: разработка концептуального макета, UX: детальный дизайн, Развитие soft skills, Качество продуктов и услуг, UX: настройка процессов в команде, Карьерное консультирование"
10362,serghackercto,https://solvery.io/ru/mentor/serghackercto,Сергей Стародубов,CTO,,Барселона,Europe/Madrid,3575,rub,0,157,,"Бэкенд, Управление командой, Symfony, PHP, Go, ClickHouse, AdTech, Scrum, Анализ и поиск решения (bugfix), Распределённая команда"
9426,avk91,https://solvery.io/ru/mentor/avk91,Артём Хрульков,Senior Frontend Developer,,Екатеринбург,Asia/Yekaterinburg,3575,rub,0,54,,"Мобильная разработка, Фронтенд, HTML, CSS, JavaScript, SVG, Less, Webpack, React, AngularJs, Redux, Bootstrap, TypeScript, SCSS, SASS, REST API, Material Design, MobX, jQuery, Анимации JS, Анимации CSS, React Native, Websockets, Карьера: Поиск работы, Карьера: Составление резюме"
1135,Quji,https://solvery.io/ru/mentor/Quji,Олег Гордеев,Lead Developer,Upstack,Москва,Europe/Moscow,3577,rub,3,415,,"Бэкенд, Управление командой, Фронтенд, HTML, CSS, JavaScript, Webpack, React, Next.Js, Redux, Bootstrap, Node.js, TypeScript, MongoDB, Базы данных, SQL, Docker, TDD, Unit Tests, React Native"
7638,rogacheva_coach,https://solvery.io/ru/mentor/rogacheva_coach,Тамара Рогачева,Delivery-manager | Career-coach,Т-Банк,Новосибирск,Asia/Krasnoyarsk,3577,rub,0,17,,"Бизнес аналитика, Управление проектами, Управление командой, Canvas, Kanban, Архитектура процессов, Управление организационными изменениями, Управление требованиями, Управление документацией, Менеджмент 3.0, Развитие карьеры, Продуктовая стратегия, Публичные выступления, BPMN, Построение системы менторинга, Карьера: Поиск работы, Коучинг, Коучинг: лайф-коучинг, Коучинг: бизнес-коучинг, Коучинг: целеполагание, Стратегическое планирование, SMART Цели, Развитие soft skills, People management, Переговоры, Бизнес-процессы, Тайм-менеджмент, Фасилитация, Масштабирование команды"
24281,ryabov_max,https://solvery.io/ru/mentor/ryabov_max,Максим Рябов,Ведущий разработчик,Т-Банк,Владимир,Europe/Moscow,3577,rub,5,12,,"Фронтенд, Дизайн, HTML, CSS, JavaScript, Less, Webpack, React, Redux, TypeScript, SCSS, Jest, Figma, Git, Clean Architecture, Material Design, БЭМ, ESLint, Дизайн Система"
21751,uanikeeva,https://solvery.io/ru/mentor/uanikeeva,Ульяна Аникеева,PM team lead ,Самокат,Белград,Europe/Brussels,3577,rub,0,10,,"Дизайн, Управление проектами, Customer Journey Map, Прохождение собеседований, Мотивация команды, Управление организационными изменениями, Распределённая команда, Управление знаниями в команде, Jira, Маркетинг: процессы, Публичные выступления, Confluence, Дизайн Система, Карьера: Составление резюме, Коучинг: лайф-коучинг, Стратегическое планирование, Mind Map, Notion, Waterfall, SMART Цели, Развитие soft skills, People management, Организационная структура, Бизнес-процессы, Тайм-менеджмент, Фасилитация, Масштабирование команды, Менеджмент Стейкхолдеров, UX: настройка процессов в команде, OKR, настройка процессов в команде"
6620,tatiana_mokhnacheva,https://solvery.io/ru/mentor/tatiana_mokhnacheva,Татьяна Мохначева,QA engineer,Мтс digital,Москва,Europe/Moscow,3577,rub,5,252,,"Тестирование, REST API, Тест-кейсы, Процессы разработки и тестирования, Swagger, Функциональное тестирование, Техническое задание, Jira, Confluence, Testrail"
20848,shelto,https://solvery.io/ru/mentor/shelto,Анатолий Шелиховский,Techlead,oskelly,Санкт-Петербург,Europe/Moscow,3641,rub,0,13,,"Бэкенд, Управление командой, PostgreSQL, Базы данных, Python, Kotlin, Java, MVP, REST API, Docker, Spring, Software Engineering, Автоматизация тестирования, Процессы разработки и тестирования, Паттерны проектирования, Мотивация команды, Kafka, JMeter, Развитие карьеры, GitLab, People management, Prometheus, Grafana, Тайм-менеджмент, Дизайн систем, настройка процессов в команде, HTML"
3376,ilyatimofeev,https://solvery.io/ru/mentor/ilyatimofeev,Илья Тимофеев,Senior digital designer,Сбер КИБ,Москва,Europe/Kaliningrad,3645,rub,2,20,,"Дизайн, UI, UX, Типографика, Figma, Айдентика, Фирменный стиль, Дизайн-стратегия, Графический дизайн, Интерфейсы, Style guide, UI kit, Freelance, Дизайн Система"
434,StPad,https://solvery.io/ru/mentor/StPad,Станислав Падуков,Senior product manager,Aviasales,Санкт-Петербург,Europe/Moscow,3645,rub,0,4,,"Мобильная разработка, Управление командой, Управление продуктом, UI, UX, JTBD, MVP, Продуктовая аналитика, Прохождение собеседований, Мотивация команды, Customer development, Распределённая команда, UX: юзабилити аудит, UX: разработка сценариев, UX: настройка процессов в команде"
3784,igorkram,https://solvery.io/ru/mentor/igorkram,Игорь Крамер,Data Platform Engineer,Exness,Лимассол,Asia/Nicosia,3645,rub,0,262,,"Бэкенд, Data Engineering, Базы данных, Python, SQL, ETL, Django, MS SQL, ClickHouse, Data Warehouse (DWH), Apache Airflow"
118,vivelapaix,https://solvery.io/ru/mentor/vivelapaix,Дамир Шагаев,Разработчик,Яндекс,Санкт-Петербург,Europe/Moscow,3645,rub,7,276,,"Бэкенд, Python, Git, SQL, Java, Spring, Алгоритмы"
959,gromdron,https://solvery.io/ru/mentor/gromdron,Андрей Николаев,Старший программист,Ит-интегратор фьюжн,Москва,Europe/Moscow,3645,rub,7,395,,"Бэкенд, Битрикс24"
547,kirilllogrus,https://solvery.io/ru/mentor/kirilllogrus,Кирилл Замотаев,Старший разработчик,Яндекс,Москва,Europe/Moscow,3645,rub,0,44,,"Мобильная разработка, Бэкенд, Фронтенд, HTML, CSS, JavaScript, SVG, Canvas, Less, Webpack, React"
3392,arturlector,https://solvery.io/ru/mentor/arturlector,Артур Игбердин,Senior iOS Developer,Sovcombank,Казань,Europe/Moscow,3645,rub,6,828,,"Мобильная разработка, Clean Architecture, REST API, Module architecture, UI kit, Алгоритмы, Паттерны проектирования, Unit Tests, iOS, Swift, Xcode, Push Notifications, Viper, MVVM, Многопоточность , SwiftUI, GitlabCI"
22843,denis_listopad,https://solvery.io/ru/mentor/denis_listopad,Денис Листопад,Senior Backend Python Developer,InnoTech Solutions,Минск,Europe/Minsk,3645,rub,3,139,,"Тестирование, Бэкенд, Data Engineering, MongoDB, PostgreSQL, Python, SQL, Производительность, C++, REST API, Docker, Rabbitmq, Elasticsearch, Microservices, Architecture, MySQL, Django, Django REST framework, AIOHTTP, Flask, Процессы разработки и тестирования, Gitflow, Алгоритмы, CI/CD, Паттерны проектирования, Swagger, Postman, A/B testing, OOP, Redis, NoSQL, Карьера: Поиск работы, Карьера: Составление резюме, FastAPI, SQLAlchemy, Многопоточность "
17242,alisa_v,https://solvery.io/ru/mentor/alisa_v,Алиса Васильева,Product Designer,Efficy,Стокгольм,Europe/Stockholm,3645,rub,0,48,,"Управление продуктом, Дизайн, UI, UX, Типографика, Figma, Material Design, Интерфейсы, Доступность сайтов, Style guide, UI kit, Подготовка технических докладов, Прохождение собеседований, iOS, Visualization, Развитие карьеры, Дизайн Система, User Story, Тестирование продуктовых гипотез, Mind Map, Notion, UX: разработка сценариев, UX: детальный дизайн, Дизайн систем, UX: настройка процессов в команде"
5541,oksana_kiseleva,https://solvery.io/ru/mentor/oksana_kiseleva,Оксана Киселёва,"UI/UX Designer, Product  Designer",Bitrix,Минск,Europe/Moscow,3645,rub,3,134,,"Дизайн, UI, UX, Типографика, Figma, Userflow, Material Design, Интерфейсы, Style guide, UI kit, Паттерны проектирования, Тестирование продуктовых гипотез, Карьера: Составление резюме, UX: анализ конкурентов, UX: разработка сценариев, UX: интервью, опросы, анкетирование, UX: детальный дизайн"
4373,asteug,https://solvery.io/ru/mentor/asteug,Евгений Асташев,Senior .NET developer,Ecoexpress,Ташкент,Asia/Tashkent,3645,rub,4,51,,"Управление продуктом, Бэкенд, Фронтенд, C#, SQL, Анимации JS, Управление ИТ, Vue.js, Анимации CSS, Fintech, IT аудит"
29226,malekseevdev,https://solvery.io/ru/mentor/malekseevdev,Михаил Алексеев,Team Lead,CloudLinux,Бар,Europe/Belgrade,3645,rub,0,0,,"Бэкенд, Управление командой, Управление проектами, Python, Git, SQL, Docker, Linux, Ansible, Microservices, Scrum, Flask, Процессы разработки и тестирования, Прохождение собеседований, CI/CD, СУБД, Nginx, Kafka, Agile, bash, People management, Найм команды, SQLAlchemy"
28966,kattysergeevna,https://solvery.io/ru/mentor/kattysergeevna,Екатерина Селиверстова,Ex. Руководитель направления по развитию цифровых продаж (Имущество),Росгосстрах,Фигейра-де-Фош,Europe/Lisbon,3645,rub,0,3,,"Управление продуктом, Управление проектами, Бизнес аналитика, Тестирование продуктовых гипотез, Продуктовая стратегия, Продуктовые метрики, Маркетинг: оценка рынка, UX: лендинги, UX: интервью, опросы, анкетирование, CJM, MVP"
24791,lerastro,https://solvery.io/ru/mentor/lerastro,Валерия Стромцова,Product Owner,myenergi,Лондон,Europe/London,3645,rub,0,9,,"Управление продуктом, Управление проектами, Продуктовая аналитика, Прохождение собеседований, Управление требованиями, Продуктовые метрики, Продуктовая стратегия, Карьера: Поиск работы, Карьера: Составление резюме, Карьера: Linkedin, Прототипирование, Исследование и сегментация ЦА"
29244,,,Андрей Тарасенко,Аналитик,Авито,Москва,Europe/Moscow,3645,rub,0,0,,"Управление командой, Управление продуктом, Управление проектами, Python, SQL, Продуктовая аналитика, BigData, Прохождение собеседований, Статистика, A/B testing, Аналитика, Продуктовые метрики, Карьера: Составление резюме, Avito"
8752,a_oprev,https://solvery.io/ru/mentor/a_oprev,Артём Опрев,Senior full stack QA engineer,ROGII,Алматы,Asia/Aqtobe,3645,rub,0,0,,"Тестирование, Управление командой, Java, Автоматизация тестирования, Процессы разработки и тестирования, Тест-кейсы, Прохождение собеседований, REST API, Scrum, Анализ и поиск решения (bugfix), Selenide, REST-assured, Allure, Функциональное тестирование, Управление знаниями в команде, Управление документацией, Карьера: Поиск работы, Карьера: Составление резюме, Найм команды, настройка процессов в команде, Нагрузочное тестирование, Zephyr"
29222,mikhail_dmitrakh,https://solvery.io/ru/mentor/mikhail_dmitrakh,Михаил  Дмитрах,Руководитель отдела тестирования ,Yadro,Краснодар,Europe/Moscow,3645,rub,0,0,,"Управление командой, Управление проектами, Процессы разработки и тестирования, Мотивация команды, Agile, Управление проектным офисом, Управление портфелем проектов, Управление организационными изменениями, Распределённая команда, Управление знаниями в команде, Управление требованиями, Развитие карьеры, IT риски, Управление ИТ, Стратегическое планирование, People management, Переговоры, Организационная структура, Бизнес-процессы, Тайм-менеджмент, Кейс-менеджмент, Спиральная динамика, Delivery managment"
29214,olgapetrushina,https://solvery.io/ru/mentor/olgapetrushina,Ольга Петрушина,Digital Communications Manager,inDrive ,Тбилиси,Asia/Tbilisi,3645,rub,0,0,,"Маркетинг, Управление проектами, Управление командой, smm, Коммуникационная стратегия, Маркетинговая коммуникация, Маркетинговая аналитика, Контент-маркетинг"
28416,phrasetag,https://solvery.io/ru/mentor/phrasetag,Шамиль Шарафеев,Senior Backend Engineer,Авито,Казань,Europe/Moscow,3645,rub,0,3,,"Бэкенд, Управление проектами, Go"
27462,,,Егор Ганин,CPO,,Москва,Europe/Moscow,3645,rub,5,36,,"Управление командой, Управление продуктом, Управление проектами, Продуктовая аналитика, Мотивация команды, Управление проектным офисом, Управление портфелем проектов, Системное проектирование, Продуктовые метрики, Продуктовая стратегия, Управление ИТ, Тестирование продуктовых гипотез, Карьера: Поиск работы, Стратегическое планирование, Качество продуктов и услуг, Стратегическое управление, Тайм-менеджмент"
28743,xantre,https://solvery.io/ru/mentor/xantre,Валера Смирнов,Front-end Engineer,TON Foundation,Белград,Europe/Belgrade,3645,rub,0,0,,"Мобильная разработка, Фронтенд, HTML, CSS, JavaScript, React, Node.js, TypeScript, Rust, Kotlin, React Native"
28450,,,Алексей Старков,Руководитель отдела внедрения,Docsinbox,Санкт-Петербург,Europe/Moscow,3645,rub,0,0,,"Управление командой, Управление проектами, Коммуникационная стратегия, Управление образовательным продуктом, Построение отдела продаж, Трекшен проектов/стартапов, Карьерное консультирование, Оценка эффективности организации, Маркетплейсы, Клиентский Сервис, Фасилитация, Дизайн обучающих мероприятий, Масштабирование команды, Качество продуктов и услуг, Эффективность организации, Найм команды, Коучинг: целеполагание, Коучинг: бизнес-коучинг, Коучинг: лайф-коучинг, Коучинг, HR: обучение и развитие, HR: оценка и аттестация, HR: подбор и адаптация, HR: мотивация сотрудников"
28445,pavel_gripiniak,https://solvery.io/ru/mentor/pavel_gripiniak,Павел Грипиняк,Архитектор решений/Системный аналитик,Мтс банк,Воронеж,Europe/Moscow,3645,rub,0,2,,"Системная аналитика, Производительность, REST API, UML диаграммы, Openapi, Аналитика, Kafka, Управление требованиями, Проектирование интеграций, ИИ/AI"
22848,ddmaslennikova,https://solvery.io/ru/mentor/ddmaslennikova,Дарья Масленникова,Менеджер по стратегии,Учи.ру,Москва,Europe/Moscow,3645,rub,0,5,,"Управление командой, Управление продуктом, Управление проектами, JTBD, UML диаграммы, Архитектура процессов, Управление требованиями, Юнит-экономика, Customer experience, Продуктовые метрики, Продуктовая стратегия, Стартапы: запуск, BPMN, Lean, Теория ограничений, User Story, Концепция и границы, Тестирование продуктовых гипотез, Организационная структура, Бизнес-процессы, Эффективность организации, Фасилитация, Масштабирование команды, Менеджмент Стейкхолдеров, KPI и OKR, Ценностное предложение"
10125,nik_pinevich,https://solvery.io/ru/mentor/nik_pinevich,Николай Пиневич,Product Owner,Samokat,Москва,Europe/Moscow,3645,rub,0,24,,"Управление командой, Управление продуктом, Управление проектами, Техническое задание, Распределённая команда, Проектирование интеграций, Системное проектирование, Управление документацией, User Story, Miro, UX: юзабилити аудит, Найм команды, Бизнес-процессы"
26002,andrey_android,https://solvery.io/ru/mentor/andrey_android,Андрей Арланов,Senior Android Developer,Wb tech,Санкт-Петербург,Europe/Moscow,3645,rub,1,17,,"Мобильная разработка, Git, Android, Kotlin, Java, Retrofit2, Dagger2, RxJava2, Clean Architecture, Firebase, Room, REST API, Gradle, Spring Boot, Software Engineering, Groovy, Паттерны проектирования, GitHub, MVVM, Websockets, GitLab, Многопоточность , Compose, JUnit"
19327,stelsuk,https://solvery.io/ru/mentor/stelsuk,Никита Вахрушев,Delivery manager,ex mts,Ижевск,Europe/Samara,3645,rub,0,13,,"Управление командой, Управление проектами, HR: оценка и аттестация, Карьера: Поиск работы, Карьера: Составление резюме, Стратегическое планирование, Фасилитация"
5693,lenin_grib,https://solvery.io/ru/mentor/lenin_grib,Дарья Степаньян,Senior PM,ВКонтакте,Москва,Europe/Kaliningrad,3645,rub,3,76,,"Управление командой, Управление продуктом, Управление проектами, MVP, Scrum, Мотивация команды, Customer development, Техническое задание, Agile, Управление проектным офисом, Управление портфелем проектов, Управление организационными изменениями, Распределённая команда, Управление знаниями в команде, HR: оценка и аттестация, Управление требованиями, Jira, Построение системы менторинга, B2B-продажи, IT риски, User Story, Mind Map, SMART Цели, Trello, Miro, People management, Переговоры, Бизнес-процессы, Тайм-менеджмент, OKR, настройка процессов в команде, Менеджмент 3.0"
27612,nikolay_g,https://solvery.io/ru/mentor/nikolay_g,Николай Губин,Руководитель проектов ИТ,Сбер,Москва,Europe/Moscow,3645,rub,0,0,,"Бизнес аналитика, Управление проектами, Аналитика, Техническое задание, Управление проектным офисом, Управление знаниями в команде, Управление требованиями, IT риски, Непрерывность бизнеса (ОНиВД), Аварийное восстановление (DRP), Управление ИТ, IT аудит, Карьера: Составление резюме, excel, Технический писатель"
27389,vladimir_patrakov,https://solvery.io/ru/mentor/vladimir_patrakov,Владимир Патраков,"Разработчик DWH, Team Lead",,Пермь,Asia/Yekaterinburg,3645,rub,2,19,,"Бэкенд, Управление командой, Data Engineering, PostgreSQL, Базы данных, Python, Git, SQL, Производительность, BigData, ETL, Перфоманс и скорость загрузки, Scrum, Структуры данных, Процессы разработки и тестирования, Прохождение собеседований, Oracle, PL SQL, Анализ и поиск решения (bugfix), CI/CD, СУБД, Hadoop, Spark, ClickHouse, Agile, YAML, Phoenix, Управление знаниями в команде, HR: оценка и аттестация, HR: обучение и развитие, Jira, GreenPlum, GitLab, Waterfall, Развитие soft skills, Data Warehouse (DWH), Нейминг, Apache Airflow, ACID"
27381,a_shchegoleva,https://solvery.io/ru/mentor/a_shchegoleva,Александра Щеголева,Machine Learning engineer,Product company (NDA),Санкт-Петербург,Europe/Moscow,3645,rub,5,55,,"Data Science, Python, Машинное обучение, Computer Vision, Прохождение собеседований, NLP, Sklearn, Pytorch, Нейросети, Аналитика данных, large language model (LLM), OpenCV, Chat bots, NER, Classification"
27319,anna_demish,https://solvery.io/ru/mentor/anna_demish,Анна Демишева,Продуктовый дизайнер / Тимлид UX команды,kaiten,Санкт-Петербург,Europe/Moscow,3645,rub,0,3,,"Управление командой, Дизайн, UI, Графический дизайн, Дизайн Система, Коучинг, Коучинг: лайф-коучинг, Коучинг: целеполагание, UX: анализ конкурентов, UX: юзабилити аудит, UX: разработка сценариев, UX: разработка концептуального макета, Найм команды, UX: тексты, UX: настройка процессов в команде, настройка процессов в команде"
23248,tanyatrushnikova,https://solvery.io/ru/mentor/tanyatrushnikova,Татьяна Трушникова,Стартап-адвайзер,Sportera,Москва,Europe/Kaliningrad,3645,rub,0,10,,"Управление командой, Управление продуктом, Маркетинг, JTBD, Прохождение собеседований, Мотивация команды, Битрикс24, Развитие карьеры, Customer experience, Продуктовая стратегия, Маркетинг: стратегия, Маркетинг: процессы, Публичные выступления, Стартапы: продвижение, Стартапы: запуск, Тестирование продуктовых гипотез, Развитие личного бренда, B2B-маркетинг, Linkedin"
6537,zakiev,https://solvery.io/ru/mentor/zakiev,Камиль Закиев,Backend Team Lead,Контур,Казань,Europe/Moscow,3645,rub,7,54,,"Бэкенд, Управление командой, PostgreSQL, C#, Docker, Паттерны проектирования, Мотивация команды, GitHub, Kafka, Kubernetes, Jira, Confluence, gRPC, Ozon"
26585,mari_grisha,https://solvery.io/ru/mentor/mari_grisha,Мария Гришина, Системный Аналитик/Технический Проектный Менеджер,Инновационный Центр Безопасный Транспорт,Москва,Europe/Moscow,3645,rub,0,5,,"Управление проектами, Системная аналитика, UML диаграммы, Управление требованиями, Проектирование интеграций, Jira, Развитие карьеры, Confluence"
26274,kdenis,https://solvery.io/ru/mentor/kdenis,Денис Картавенко,Backend Software Engineer,Plata,Тбилиси,Asia/Tbilisi,3645,rub,3,24,,"Бэкенд, PostgreSQL, Kotlin, Docker, Linux, CD, CI, Microservices, Software Engineering, Go, Nginx, Fintech, Kafka, Redis, Nomad, Kubernetes, Системное проектирование, Prometheus, Grafana, gRPC"
16437,airat_valiev,https://solvery.io/ru/mentor/airat_valiev,Айрат Валиев,Senior Java Developer,Ibs training center,Казань,Europe/Moscow,3645,rub,0,6,,"Бэкенд, Java, Spring, Software Engineering, Прохождение собеседований, Алгоритмы"
24305,the_nickey,https://solvery.io/ru/mentor/the_nickey,Павел Очкин,Middle Analyst,Авито,Москва,Europe/Kaliningrad,3645,rub,2,20,,"Управление продуктом, Бизнес аналитика, Python, SQL, BigData, Аналитика, Тестирование продуктовых гипотез, Data Warehouse (DWH), Аналитика данных, excel, Трекшен проектов/стартапов"
24271,malkovsky,https://solvery.io/ru/mentor/malkovsky,Анастасия Пархоменко,"Коуч, менеджер, smm",,Пхукет,Asia/Bangkok,3645,rub,2,30,,"Маркетинг, Управление командой, Управление проектами, Мотивация команды, Техническое задание, Управление знаниями в команде, Публичные выступления, Маркетинг: анализ конкурентов, Маркетинг: сегментация, Карьера: Поиск работы, Карьера: Составление резюме, Коучинг, Коучинг: лайф-коучинг, Коучинг: целеполагание, Стратегическое планирование, Notion, SMART Цели, Trello, Miro, Развитие soft skills, People management, Найм команды, Таргетированная реклама: Facebook, Таргетированная реклама: Instagram, Тайм-менеджмент, Кейс-менеджмент, Масштабирование команды, ChatGPT, smm, Спиральная динамика, Карьерное консультирование, Развитие личного бренда, Исследование и сегментация ЦА, Работа с блогерами, Копирайтинг, Контент-маркетинг, Технический писатель, Маркетинговая коммуникация, Путь героя , Драматургия , Контент-план"
23680,alexander_antonov,https://solvery.io/ru/mentor/alexander_antonov,Александр Антонов,Front-end Team Lead,Expero,Новосибирск,Asia/Krasnoyarsk,3645,rub,0,2,,"Фронтенд, Управление командой, Angular, TypeScript, Прохождение собеседований"
22891,tokarchuk_pro,https://solvery.io/ru/mentor/tokarchuk_pro,Александр Токарчук,Team Lead,Lamoda,Москва,Europe/Moscow,3645,rub,0,53,,"Бэкенд, Управление командой, 1C, JavaScript, PHP, Базы данных, Python, Git, Java, REST API, Spring, Spring Boot, Hibernate, MySQL, Алгоритмы, СУБД, Yii2, Разработка на 1C, HR: подбор и адаптация, IT риски, Управление ИТ, IT аудит, Карьера: Поиск работы, GitLab, FastAPI, Многопоточность , 1С, ERP"
22877,danilag,https://solvery.io/ru/mentor/danilag,Данила Горячкин,iOS Performance Engineer,Авито,Москва,Europe/Moscow,3645,rub,1,159,,"Мобильная разработка, Управление проектами, Производительность, MVP, Прохождение собеседований, Алгоритмы, iOS, Swift, MVVM, MVC"
22729,sophia_kovalenko,https://solvery.io/ru/mentor/sophia_kovalenko,Софья Герасимова,Бизнес/Системный аналитик,Тазмар IT-Solutions,Кемерово,Asia/Krasnoyarsk,3645,rub,0,21,,"Управление командой, Бизнес аналитика, Системная аналитика, Python, Figma, SQL, REST API, Интерфейсы, Customer Journey Map, Rabbitmq, Kanban, Scrum, UML диаграммы, Прохождение собеседований, Паттерны проектирования, DDD, Kafka, BABOK, Техническое задание, Управление организационными изменениями, Распределённая команда, Управление требованиями, Проектирование интеграций, Управление документацией, BPMN, UML, Confluence, Lean, IT риски, Управление ИТ, IT аудит, User Story, Концепция и границы, Mind Map, Waterfall, UX: разработка сценариев, Найм команды, Фасилитация, Техническая документация, Технический писатель"
21404,,,Мария Брюханова, Project Manager,X5 tech,Москва,Europe/Moscow,3645,rub,0,39,,"Управление командой, Управление проектами, SQL, Аналитика, Управление портфелем проектов, Управление знаниями в команде, Jira, Развитие карьеры, Confluence, Карьера: Поиск работы, Карьера: Составление резюме, Коучинг: целеполагание, People management, Найм команды, Бизнес-процессы, Аналитика данных, BI-системы"
18456,mak1997,https://solvery.io/ru/mentor/mak1997,Алексей Плосский,3D Character Artist,Dragonfly,Moscow,Europe/Moscow,3645,rub,2,23,,"Разработка игр, 3д моделирование, Maya, Adobe Substance 3D Painter, Zbrush, Marmoset Toolbag, Texture Baking"
17777,agavrilenko,https://solvery.io/ru/mentor/agavrilenko,Александр Гавриленко,Senior Solutions Architect,Selecty,Валенсия,Europe/Prague,3645,rub,3,138,,"DevOps, Бэкенд, Управление продуктом, Java, Module architecture, Docker, CD, CI, Spring, Microservices, Architecture, Hibernate, Scrum, Maven, Процессы разработки и тестирования, Прохождение собеседований, Spring Framework, Gitflow, Архитектура процессов, Паттерны проектирования, Hadoop, Hive, Software Architecture, Распределённая команда, Jira, Дизайн систем, настройка процессов в команде, Нагрузочное тестирование, Техническая документация, Git, Производительность, Базы данных, REST API"
17739,,,Екатерина Епина,Project Manager,It-one,Новосибирск,Asia/Krasnoyarsk,3645,rub,8,94,,"Управление командой, Управление проектами, Kanban, Scrum, Процессы разработки и тестирования, Прохождение собеседований, Мотивация команды, Agile, Управление организационными изменениями, Распределённая команда, Jira, Slack, Google Workspace, Развитие карьеры, Confluence, Управление ИТ, Notion, Trello, Miro, Развитие soft skills, People management, Бизнес-процессы, Фасилитация, Delivery managment"
17175,tvodovozova,https://solvery.io/ru/mentor/tvodovozova,Татьяна Водовозова,Руководитель направления аналитики DWH,Сфн,Самара,Europe/Samara,3645,rub,1,119,,"Управление командой, Бизнес аналитика, Системная аналитика, Базы данных, Scrum, MS SQL, Аналитика, Управление требованиями, Управление документацией, Развитие карьеры, UML, Confluence, User Story, Коучинг, Data Warehouse (DWH)"
9505,valeriyzubairov,https://solvery.io/ru/mentor/valeriyzubairov,Валерий Зубаиров,Системный архитектор,Т-Банк,Москва,Europe/Moscow,3645,rub,3,84,,"Системная аналитика, PostgreSQL, Базы данных, Python, Производительность, UML диаграммы, Oracle, Архитектура процессов, СУБД, Swift, Postman, Управление знаниями в команде, Управление требованиями, Управление документацией"
7063,bert,https://solvery.io/ru/mentor/bert,Альберт Арифулин,Head of Product,Tutu.ru,Москва,Europe/Moscow,3645,rub,3,109,,"Мобильная разработка, Управление командой, Управление продуктом, UX, JTBD, Userflow, MVP, Продуктовая аналитика, Прохождение собеседований, A/B testing, Customer development, Юнит-экономика, Продуктовые метрики, Продуктовая стратегия, Тестирование продуктовых гипотез, Бизнес-процессы"
6890,m_iushchenko,https://solvery.io/ru/mentor/m_iushchenko,Мария Ющенко,Sr Product Manager,Partium,Барселона,Europe/Madrid,3645,rub,0,40,,"Управление командой, Управление продуктом, Продуктовая аналитика, Продуктовые метрики, Стартапы: продвижение, EdTech, Тестирование продуктовых гипотез, Эффективность организации, Маркетинг: исследования, Построение системы менторинга, Найм команды"
6235,anatoly_sergeev,https://solvery.io/ru/mentor/anatoly_sergeev,Анатолий Сергеев,веб-аналитик,Мтс,Дубна,Europe/Moscow,3645,rub,8,51,,"Маркетинг, Google analytics, Яндекс Метрика, Google Tagmanager"
5415,airat_galiullin,https://solvery.io/ru/mentor/airat_galiullin,Айрат Галиуллин,Консультант в области IT разработки и информационной безопасности,Airat galiullin,Казань,Europe/Moscow,3645,rub,1,96,,"Мобильная разработка, Бэкенд, Фронтенд, HTML, CSS, JavaScript, Sass, Gulp, Webpack, React, Redux, Node.js, Express, Pug, TypeScript, MongoDB, Python, Rust, MySQL, React Native, Arduino, ESP8266, ESP32, GitHub, RaspberryPi, Agile, SEO, Маркетинг: стратегия, Маркетинг: процессы, Маркетинг: контент, Стартапы: запуск, ASO, Маркетинг: анализ конкурентов, Маркетинг: оценка рынка, Маркетинг: сегментация, Маркетинг: персоны"
5065,sitebill,https://solvery.io/ru/mentor/sitebill,Дмитрий Кондин,Предприниматель,Sitebill,Красноярск,Asia/Bangkok,3645,rub,1,69,,"Бэкенд, Управление продуктом, Фронтенд, HTML, Angular, Bootstrap, PHP, Laravel, Базы данных, Git, SQL, MVP, REST API, Linux, MySQL, jQuery, Apache, Паттерны проектирования, Nginx, Software Architecture"
4141,zzhanka,https://solvery.io/ru/mentor/zzhanka,Жанна Круглова,Менеджер продукта,Яндекс,Москва,Europe/Moscow,3645,rub,0,11,,"Network Engineering, Прохождение собеседований, Карьера: Составление резюме, Коучинг, Коучинг: лайф-коучинг, Коучинг: целеполагание"
6322,marina_malykh,https://solvery.io/ru/mentor/marina_malykh,Марина Малых,Product Manager,"Channable, ex-Sber",Утрехт,Europe/Amsterdam,3791,rub,1,25,,"Управление продуктом, MVP, Продуктовая аналитика, Customer Journey Map, Прохождение собеседований, Развитие карьеры, Продуктовые метрики, Продуктовая стратегия, Карьера: Поиск работы, Карьера: Составление резюме, UX: интервью, опросы, анкетирование, OKR, Senior Product Manager, Cобеседование на английском языке, Трудоустройство в зарубежные компании, Productboard"
10939,yulia_martynova,https://solvery.io/ru/mentor/yulia_martynova,Юлия Мартынова,Product marketing manager,Kodland,Тбилиси ,Asia/Tbilisi,3791,rub,3,54,,"Управление продуктом, Маркетинг, Customer Journey Map, Маркетинг: стратегия, Маркетинг: процессы, Маркетинг: исследования, Карьера: Поиск работы, Карьера: Составление резюме, Маркетинговый аудит, Маркетинговые исследования, Маркетинговая аналитика, Контент-маркетинг, Маркетинговая коммуникация, Коммуникационная стратегия"
23907,evgeniyf1,https://solvery.io/ru/mentor/evgeniyf1,Евгений Нейтман,Project Manager,Яндекс,Москва,Europe/Moscow,3864,rub,3,35,,"Управление командой, Управление проектами, Системная аналитика, Customer Journey Map, Kanban, Scrum, Процессы разработки и тестирования, Прохождение собеседований, Архитектура процессов, Мотивация команды, Функциональное тестирование, Fintech, Техническое задание, Agile, Управление проектным офисом, Управление портфелем проектов, Управление знаниями в команде, Управление требованиями, Управление документацией, Развитие карьеры, Customer experience, IT риски, Управление ИТ, IT аудит, User Story, Карьера: Поиск работы, Карьера: Составление резюме, Коучинг: целеполагание, Развитие soft skills, People management, Найм команды, Переговоры, Бизнес-процессы, Клиентский Сервис, Техническая документация, Cобеседование на английском языке, Технический писатель"
2764,yurygerman,https://solvery.io/ru/mentor/yurygerman,Юрий Герман,Head of Python,Godel technologies,Варшава,Europe/Warsaw,3911,rub,0,7,,"Управление командой, Управление проектами, Прохождение собеседований, Управление организационными изменениями, Управление знаниями в команде, Jira, Slack, Google Workspace, Менеджмент 3.0, Развитие карьеры, Confluence"
28931,yuri_chuianov,https://solvery.io/ru/mentor/yuri_chuianov,Юрий Чуянов,Старший системный аналитик,Softline,Новороссийск ,Europe/Moscow,3937,rub,0,0,,"Тестирование, Системная аналитика, Базы данных, Git, SQL, Postman, Agile, Проектирование интеграций, Системное проектирование, BPMN, Бизнес-процессы, API запросы, Разработка технической документации"
28028,firewalkwithmee,https://solvery.io/ru/mentor/firewalkwithmee,Дарья Петрушина,Продуктовый дизайнер,Альфа-Банк,Москва,Europe/Moscow,3937,rub,1,15,,"Дизайн, UI, UX, Типографика, Figma, JTBD, Userflow, Material Design, Интерфейсы, UI kit, Прохождение собеседований, Карьера: Поиск работы, Карьера: Составление резюме"
24888,vovalebedev,https://solvery.io/ru/mentor/vovalebedev,Владимир Лебедев,"Аналитика для стартапов | Ex. Team Lead, Product Analytics в T-Банк",Getanalytics,Санкт-Петербург,Europe/Moscow,3937,rub,2,173,,"Управление командой, Data Science, Управление продуктом, MVP, Продуктовая аналитика, A/B testing, Аналитика, Tableau, Развитие карьеры, Юнит-экономика, Финансовое моделирование, Продуктовые метрики, Продуктовая стратегия, Маркетинг: исследования, Маркетинг: анализ конкурентов, Маркетинг: оценка рынка, Тестирование продуктовых гипотез, Маркетинг: сегментация, Карьера: Поиск работы, Карьера: Составление резюме, Найм команды, Data Warehouse (DWH), Бизнес-процессы, Superset, Аналитика данных, настройка процессов в команде, Карьерное консультирование, Исследование и сегментация ЦА, Amplitude"
22145,pkarpova,https://solvery.io/ru/mentor/pkarpova,Полина Карпова,Senior Product Designer,Альфа-Банк,Москва,Europe/Moscow,3937,rub,0,25,,"Дизайн, UI, UX, Типографика, Material Design, Интерфейсы, Mobile first, UI kit, Доступность сайтов, Cross-Platform, Kanban, Прохождение собеседований, Fintech, Figma, Дизайн Система, Паттерны проектирования"
18260,vmishanin,https://solvery.io/ru/mentor/vmishanin,🔥 Вадим Мишанин,Senior Software Engineer ,Motional,Сингапур ,Asia/Singapore,3937,rub,4,57,,"Бэкенд, C++, Linux, TDD, Алгоритмы, Системное программирование, Системное проектирование, Карьера: Поиск работы, Карьера: Составление резюме, Карьера: Релокейт, Docker, OOP, Git"
17158,bobylkov,https://solvery.io/ru/mentor/bobylkov,Глеб Бобыльков,Senior product designer,Сберздоровье,Москва,Europe/Moscow,3937,rub,9,76,,"Дизайн, Дизайн-стратегия, Дизайн Система, UX: детальный дизайн, Дизайн систем, Аналитика данных, UX: лендинги"
24687,ilyachapyshev,https://solvery.io/ru/mentor/ilyachapyshev,Илья Чапышев,Product Manager,Ozon,Москва,Europe/Moscow,3990,rub,1,27,,"Управление командой, Управление продуктом, Управление проектами, UX, JTBD, MVP, Продуктовая аналитика, Kanban, Scrum, Процессы разработки и тестирования, Прохождение собеседований, Мотивация команды, A/B testing, Развитие карьеры, Юнит-экономика, Customer experience, Growth hacking, Продуктовые метрики, Продуктовая стратегия, Стартапы: запуск, User Story, Тестирование продуктовых гипотез, Карьера: Поиск работы, Карьера: Составление резюме, SWOT, SMART Цели, UX: анализ конкурентов, UX: юзабилити аудит, UX: интервью, опросы, анкетирование, Развитие soft skills, Тайм-менеджмент, Менеджмент Стейкхолдеров, KPI и OKR, Прототипирование, Ценностное предложение, CJM, Карьерное консультирование, Оценка рынка"
16720,tik4te,https://solvery.io/ru/mentor/tik4te,Екатерина Тихомирова,BA Chapter Lead,Rnt group,Москва,Europe/Moscow,3995,rub,1,107,,"Управление продуктом, Бизнес аналитика, Системная аналитика, Figma, SQL, REST API, Scrum, UML диаграммы, Процессы разработки и тестирования, Прохождение собеседований, Openapi, Postman, Kafka, BABOK, Agile, NoSQL, YAML, Распределённая команда, Управление знаниями в команде, Управление требованиями, Проектирование интеграций, Системное проектирование, Управление документацией, Jira, Публичные выступления, BPMN, UML, B2B-продажи, Непрерывность бизнеса (ОНиВД), User Story, Концепция и границы, Карьера: Составление резюме, Mind Map, Развитие soft skills"
28327,alexander_cherkasov,https://solvery.io/ru/mentor/alexander_cherkasov,Александр Черкасов,Бренд-дизайнер/арт-директор,Яндекс,Москва,Europe/Moscow,4000,rub,0,20,,"Дизайн, Логотип, Типографика, Айдентика, Фирменный стиль, Упаковка, Дизайн-стратегия, Графический дизайн, Дизайн Система, Дизайн систем"
1403,Alter_hanna,https://solvery.io/ru/mentor/Alter_hanna,Анна Третьякова,QA Team Lead,Яндекс,Москва,Europe/Moscow,4083,rub,1,67,,"Тестирование, Kotlin, Автоматизация тестирования, Тест-кейсы, Процессы разработки и тестирования, Прохождение собеседований, Postman, Функциональное тестирование, Agile, Развитие карьеры"
152,bandirom,https://solvery.io/ru/mentor/bandirom,Назарий Романченко,Software Engineer,Procivis ag,Zurich,Europe/Zurich,4083,rub,22,1688,,"DevOps, Бэкенд, IoT, Python, REST API, Docker, AWS, Rabbitmq, Microservices, Django, Django REST framework, Deploy, CI/CD, Swagger, Микроконтроллеры, Arduino, ESP8266, ESP32, GitHub, RaspberryPi, PCB, Nginx, Kubernetes, Terraform, Websockets, Azure cloud"
1086,Neifmetus,https://solvery.io/ru/mentor/Neifmetus,Екатерина Батеева,iOS Developer,PreggApp,Москва,Europe/Moscow,4083,rub,2,219,,"Мобильная разработка, Тестирование, Управление командой, Автоматизация тестирования, Тест-кейсы, Процессы разработки и тестирования, Прохождение собеседований, iOS, Swift, Xcode, Функциональное тестирование"
968,hpace,https://solvery.io/ru/mentor/hpace,Андрей Тищенко,"Владелец команды (CEO & CTO, TeamLead) - FullStack Web-разработчик Middle+, Mobile-разработчик Middle, Senior Project Manager",Hpace,Томск,Asia/Krasnoyarsk,4083,rub,19,219,,"Бэкенд, Фронтенд, Управление проектами, HTML, CSS, JavaScript, SVG, Canvas, Less, Sass, Gulp, Webpack, React, Redux, Bootstrap, Node.js, Express, TypeScript, PHP, Laravel, MongoDB, PostgreSQL, Базы данных, Функциональное программирование, Tilda, SCSS, VDS, Логотип, UX, SASS, Figma, Ubuntu, Git, Производительность, Браузеры, REST API, Анимация, Фирменный стиль, Упаковка, Дизайн-стратегия, Графический дизайн, Пиктограммы, Интерфейсы, AR, Продуктовая аналитика, Customer Journey Map, Module architecture, БЭМ, Кроссбраузерная оптимизаци, Mobile first, Семантичная вёрстка, Style guide, UI kit, Linux, CI, Tensorflow, Rabbitmq, Microservices, Architecture, Перфоманс и скорость загрузки, Подготовка технических докладов, MySQL, jQuery, Flutter, Dart, Vue.js, Kanban, Scrum, Структуры данных, Прототипное наследование, Apache, UML диаграммы, Автоматизация тестирования, Тест-кейсы, Процессы разработки и тестирования, Прохождение собеседований, Верстка, Алгоритмы, Анализ и поиск решения (bugfix), CI/CD, Архитектура процессов, Анимации JS, Анимации CSS, Openapi, ESLint, iOS, СУБД, Echo, Swagger, Мотивация команды, Freelance, WordPress, Статистика, React Native, Аналитика, Frontend Performance, Техническое задание, Jsonnet, Cypress, Яндекс Метрика, Управление проектным офисом, Управление портфелем проектов, Управление организационными изменениями, Битрикс24, Распределённая команда, CEO, CTO, HR: подбор и адаптация, HR: мотивация сотрудников, HR: обучение и развитие, HR: стратегический HR, HR: формирование команд, HR: аналитика, Системное проектирование, Менеджмент 3.0, Публичные выступления, Стартапы: продвижение, Стартапы: запуск, Стартапы: трекинг, Построение системы менторинга, Продажи, Активные продажи, B2B-продажи, IT риски, Управление ИТ, IT аудит, Дизайн Система, EdTech, AdTech, HealthTech, FoodTech, User Story, Концепция и границы, Маркетинг: анализ конкурентов, Маркетинг: оценка рынка, Карьера: Поиск работы, Карьера: Составление резюме, Карьера: Linkedin, GitLab, Chrome DevTools, CRM Маркетинг, Коучинг, Коучинг: лайф-коучинг, Коучинг: бизнес-коучинг, Коучинг: целеполагание, Стратегическое планирование, Маркетинговый аудит, Mind Map, Notion, SWOT, SMART Цели, Trello, Miro, UX: анализ конкурентов, UX: юзабилити аудит, Развитие soft skills, People management, Найм команды, NFT, Переговоры, Организационная структура, Бизнес-процессы, Тайм-менеджмент, Кейс-менеджмент, Эффективность организации, Качество продуктов и услуг, Стратегическое управление, Нейросети, Анализ конкурентов, Parallax, Технический писатель, Трекшен проектов/стартапов, Персональные данные, Модерация, Построение отдела продаж, Управление образовательным продуктом, Разработка технической документации, Автоматизация документирования, Маркетинговая коммуникация, Путь героя , Контент-план, Использование ИИ, Запуск стартапов, Упаковка проекта"
1746,LebedevaKatya,https://solvery.io/ru/mentor/LebedevaKatya,Катя Лебедева,Продуктовый дизайнер в Самокате,Самокат,Санкт-Петербург,Europe/Moscow,4083,rub,1,107,,"Управление командой, Дизайн, HTML, CSS, UI, UX, Figma, Material Design, Style guide"
3627,danilapositive,https://solvery.io/ru/mentor/danilapositive,Данила Матюшин,iOS Developer,МТС Юрент,Ульяновск,Europe/Moscow,4083,rub,0,56,,"Мобильная разработка, Redux, UI kit, Процессы разработки и тестирования, Прохождение собеседований, Gitflow, iOS, Swift, Xcode, MVVM, Многопоточность , SwiftUI, Combine, Viper, MVP, Clean Architecture, Firebase, REST API, Git, Push Notifications"
28878,tatiana_kazanova,https://solvery.io/ru/mentor/tatiana_kazanova,Татьяна Казанова,Product Marketing Manager ,Яндекс,Москва,Europe/Moscow,4083,rub,0,0,,"Маркетинг, JTBD, Customer Journey Map, Маркетинговая коммуникация, Маркетинговая аналитика, Маркетинг: стратегия, Маркетинг: исследования, Маркетинг: оценка рынка, Маркетинговый аудит, Маркетинг: анализ конкурентов, Управление образовательным продуктом, EdTech, Развитие карьеры, Стратегический маркетинг, Позиционирование на рынке"
27999,dmit_sergeev,https://solvery.io/ru/mentor/dmit_sergeev,Дмитрий Сергеев,Product Manager,Vk Tech,Москва,Europe/Moscow,4083,rub,1,0,,"Управление командой, Управление продуктом, JTBD, Продуктовая аналитика, Customer Journey Map, Прохождение собеседований, Customer development, Google analytics, Яндекс Метрика, Jira, Юнит-экономика, Growth hacking, Продуктовые метрики, Продуктовая стратегия, Confluence, B2B-продажи, User Story, Маркетинг: анализ конкурентов, Маркетинг: оценка рынка, Тестирование продуктовых гипотез, Маркетинг: персоны, Карьера: Поиск работы, Карьера: Составление резюме, Miro, ИИ/AI, ChatGPT, OKR, Прототипирование, Карьерное консультирование, Анализ конкурентов, Оценка рынка, Исследование и сегментация ЦА, GA4, Использование ИИ"
26348,sdormidontov,https://solvery.io/ru/mentor/sdormidontov,Сергей Дормидонтов,Руководитель службы аналитики в финтехе Яндекса,Яндекс,Москва,Europe/Moscow,4083,rub,2,47,,"Управление командой, Data Science, Бизнес аналитика, Python, SQL, Продуктовая аналитика, Машинное обучение, BigData, Прохождение собеседований, Развитие карьеры, Тестирование продуктовых гипотез, Найм команды, Аналитика данных, настройка процессов в команде, Мотивация команды, A/B testing, Аналитика, scikit-learn, Catboost, Юнит-экономика, Карьера: Составление резюме, Карьера: Поиск работы, SMART Цели, Miro, Развитие soft skills, Масштабирование команды, datalens, Финансовый анализ, Оценка рынка, Маркетинговая аналитика, Использование ИИ"
25421,sergpo,https://solvery.io/ru/mentor/sergpo,Сергей Поляков,Product Lead,ex SberHealth,Петрозаводск/Москва,Europe/Moscow,4083,rub,1,21,,"Управление продуктом, Продуктовая аналитика, A/B testing, Customer development, Юнит-экономика, Customer experience, Growth hacking, Продуктовые метрики, Продуктовая стратегия, Стартапы: запуск, Стартапы: трекинг, User Story, Тестирование продуктовых гипотез, UX: анализ конкурентов, UX: юзабилити аудит, OKR, KPI и OKR, Прототипирование, CJM, Senior Product Manager, Трекшен проектов/стартапов"
22153,turkindv,https://solvery.io/ru/mentor/turkindv,Дмитрий Туркин,TeamLead,Т-Банк,Москва,Europe/Moscow,4083,rub,0,10,,"Бэкенд, Управление командой, PostgreSQL, Python, Docker, Django, Django REST framework, Прохождение собеседований, FastAPI"
17786,alexkovlead,https://solvery.io/ru/mentor/alexkovlead,Александр Ковалевский,Lead PM,Apex Games,Москва,Europe/Moscow,4083,rub,1,23,,"Разработка игр, Управление командой, Управление проектами, Indie, MVP, Процессы разработки и тестирования, Прохождение собеседований, Мотивация команды, Техническое задание, Управление организационными изменениями, Распределённая команда, Управление знаниями в команде, CEO, Управление документацией, Jira, Slack, Развитие карьеры, Финансовое моделирование, Маркетинг: анализ конкурентов, Маркетинг: оценка рынка, Карьера: Поиск работы, Карьера: Составление резюме, Карьера: Linkedin, Коучинг: лайф-коучинг, Коучинг: целеполагание, Стратегическое планирование, Notion, SWOT, Развитие soft skills, People management, Найм команды, Организационная структура, Бизнес-процессы, Тайм-менеджмент, Эффективность организации, Стратегическое управление, Масштабирование команды, Нейросети, ИИ/AI, Менеджмент Стейкхолдеров, настройка процессов в команде, продюсирование мероприятий в gamedev, Подбор экспертов, Game Design, Финансовый анализ, Бирюзовые организации, Спиральная динамика, Оценка эффективности организации, Анализ конкурентов, ClickUp, Доли и опционы в стартапе, Привлечение инвестиции, Путь героя , Драматургия , Использование ИИ"
10838,grinev_ruslan,https://solvery.io/ru/mentor/grinev_ruslan,Руслан Гринев,Java Tech Lead,Альфа-Банк,Воронеж,Europe/Samara,4083,rub,0,49,,"Бэкенд, Управление командой, Git, SQL, Kotlin, Java, REST API, Spring, Microservices, Hibernate, Scrum, PostgreSQL, Redis, Kafka, MongoDB, Maven, Gradle, Kubernetes, Docker"
10040,ssbortsov,https://solvery.io/ru/mentor/ssbortsov,Сергей Борцов,дизайн-директор,Reboot,Белград ,Europe/Belgrade,4083,rub,6,82,,"Дизайн, Маркетинг, UX, Figma, Графический дизайн, UI kit, Дизайн Система, UX: анализ конкурентов, UX: юзабилити аудит, UX: разработка сценариев, UX: разработка концептуального макета, UX: детальный дизайн, Развитие soft skills, Brand-management, Дизайн обучающих мероприятий"
9328,nick_lukinih,https://solvery.io/ru/mentor/nick_lukinih,Николай Лукиных,Руцководитель направления трансформации,Страховая компания югория,Пермь,Asia/Yekaterinburg,4083,rub,1,46,,"Управление командой, Управление продуктом, Управление проектами, Userflow, MVP, Customer Journey Map, Kanban, Scrum, Мотивация команды, Agile, Jira, Публичные выступления, User Story, Коучинг, Коучинг: бизнес-коучинг, SWOT, SMART Цели, OKR"
7463,oksanahr,https://solvery.io/ru/mentor/oksanahr,Оксана Полещук,Карьерный Коуч/ Карьерный консультант/ IT Recruiter,,Москва,Asia/Krasnoyarsk,4083,rub,1,20,,"HR, Прохождение собеседований, Мотивация команды, HR: подбор и адаптация, HR: мотивация сотрудников, HR: обучение и развитие, Развитие карьеры"
5832,programator,https://solvery.io/ru/mentor/programator,Андрей Никулин,Backend php/go developer,,Санкт-Петербург,Europe/Moscow,4083,rub,7,441,,"Бэкенд, PHP, Laravel, Базы данных, Python, REST API, MySQL, Symfony, Алгоритмы, Go, Swagger, Yii2, Redis"
26702,dartnnn,https://solvery.io/ru/mentor/dartnnn,Артём Долгов,Ex. Tech lead,ЭлНетМед,Санкт-Петербург,Europe/Moscow,4087,rub,0,0,,"Бэкенд, Базы данных, C#, Microservices, ASP.NET Core, PostgreSQL, MongoDB"
24194,lyankagofman,https://solvery.io/ru/mentor/lyankagofman,Марина Гофман,Продуктовый дизайнер,Smartcat,Белград,Europe/Bucharest,4087,rub,1,14,,"Управление командой, Дизайн, UI, UX, JTBD, Прохождение собеседований, Карьера: Составление резюме, UX: юзабилити аудит, UX: разработка сценариев, UX: интервью, опросы, анкетирование, UX: разработка концептуального макета, UX: детальный дизайн, UX: настройка процессов в команде"
22487,max_solovev01,https://solvery.io/ru/mentor/max_solovev01,Макс Соловьев,Руководитель отдела автоматизации тестирования,Polymatica,Ярославль,Europe/Moscow,4087,rub,0,14,,"Тестирование, Управление командой, SQL, Тест-кейсы, Процессы разработки и тестирования, Прохождение собеседований, Архитектура процессов, SoapUI, Мотивация команды, Функциональное тестирование, Cypress, Управление знаниями в команде, HR: обучение и развитие, Jira, Карьера: Поиск работы, Карьера: Составление резюме, Chrome DevTools, Развитие soft skills, Тайм-менеджмент, ИИ/AI, ChatGPT, настройка процессов в команде"
22014,olgakhom,https://solvery.io/ru/mentor/olgakhom,Ольга Хомутская,Руководитель проектов,Московский авиационный институт,Москва,Europe/Moscow,4087,rub,0,9,,"Управление командой, Маркетинг, Управление проектами, Публичные выступления, Концепция и границы, Карьера: Поиск работы, Карьера: Составление резюме, Коучинг: лайф-коучинг, Коучинг: целеполагание, Развитие soft skills, People management, Переговоры, Организационная структура, Бизнес-процессы, Тайм-менеджмент, Кейс-менеджмент, Эффективность организации, Масштабирование команды, продюсирование конференций и митапов, продюсирование мероприятий в IT , Подбор экспертов"
5121,dariana_zhu,https://solvery.io/ru/mentor/dariana_zhu,Дарьяна Жукова,Product manager with 6+ years | Коуч ICF,,Ташкент,Asia/Tashkent,4087,rub,5,131,,"Управление командой, Управление продуктом, Управление проектами, MVP, Продуктовая аналитика, Customer Journey Map, Kanban, Scrum, Процессы разработки и тестирования, Прохождение собеседований, Мотивация команды, Agile, Управление организационными изменениями, Распределённая команда, Управление знаниями в команде, Customer experience, Продуктовые метрики, Продуктовая стратегия, Публичные выступления, Построение системы менторинга, Lean, User Story, Тестирование продуктовых гипотез, Коучинг, Коучинг: лайф-коучинг, Коучинг: бизнес-коучинг, Коучинг: целеполагание, SMART Цели, Развитие soft skills, Тайм-менеджмент, настройка процессов в команде, CJM, Карьерное консультирование, ClickUp"
24600,dpkrotov,https://solvery.io/ru/mentor/dpkrotov,Дмитрий Кротов,Team lead аналитики,Авито,Москва,Europe/Moscow,4156,rub,1,39,,"Data Science, Управление продуктом, Бизнес аналитика, Python, SQL, Продуктовая аналитика, BigData, Прохождение собеседований, СУБД, Статистика, A/B testing, Аналитика, Numpy, Pandas, Управление знаниями в команде, Развитие карьеры, Продуктовые метрики, Тестирование продуктовых гипотез, CRM Маркетинг, Data Warehouse (DWH), Аналитика данных, OKR, Avito, Маркетинговая аналитика, Сегментация клиентов, Теория Вероятности, Supereset, Linkedin, СХ Аналитика, BI-системы"
23042,kirillov,https://solvery.io/ru/mentor/kirillov,Александр Кириллов,Senior UX designer,Altenar,Санкт-Петербург,Europe/Moscow,4229,rub,0,9,,"Управление продуктом, Дизайн, HTML, CSS, UI, UX, Типографика, Figma, Дизайн-стратегия, Интерфейсы"
5345,red_sun,https://solvery.io/ru/mentor/red_sun,Илья Исахин,Старший Java/Kotlin разработчик,Райффайзенбанк,Ижевск,Europe/Samara,4229,rub,13,326,,"Бэкенд, PostgreSQL, Kotlin, Java, REST API, Docker, Elasticsearch, Spring, Microservices, Spring Boot, Hibernate, Maven, Gitflow, CI/CD, Unit Tests, Kubernetes, YAML, Gradle, Базы данных, SQL, Производительность, Процессы разработки и тестирования, Прохождение собеседований, Kafka, Prometheus, Grafana"
379,fatherjackk,https://solvery.io/ru/mentor/fatherjackk,Евгений Баулин,Tech lead ,Райффайзенбанк,Санкт-Петербург,Europe/Moscow,4374,rub,1,35,,"Бэкенд, Управление командой, MongoDB, PostgreSQL, Git, Java, Gradle, Spring, Scrum, Анализ и поиск решения (bugfix), Мотивация команды"
155,pavel_son,https://solvery.io/ru/mentor/pavel_son,Павел Сон,Senior front-end developer,Upwork,Омск,Asia/Omsk,4374,rub,2,24,,"Фронтенд, HTML, JavaScript, SVG, Less, Sass, Webpack, Bootstrap, TypeScript, SCSS, Vue.js, Верстка, Websockets, Vitest, Vite "
2412,mamedov_elmin,https://solvery.io/ru/mentor/mamedov_elmin,Эльмин Мамедов,Руководитель проектов,Т-Банк,Москва,Europe/Moscow,4374,rub,5,83,,"Управление командой, Бизнес аналитика, Управление проектами, JTBD, MVP, Kanban, Scrum, Прохождение собеседований, Мотивация команды, Fintech, Customer development, Техническое задание, Agile, Управление портфелем проектов, Битрикс24, Распределённая команда, Администрирование 1С, Развитие карьеры, BPMN, UML, Управление ИТ"
116,mariiabel,https://solvery.io/ru/mentor/mariiabel,Мария Белогубова,"Front-end разработчик, Старший Верстальщик",Veeam Software ,Санкт-Петербург,Europe/Moscow,4374,rub,0,203,,"Фронтенд, HTML, CSS, JavaScript, Sass, Gulp, Webpack, React, Angular, Next.Js, Redux, RxJs, Bootstrap, Pug, TypeScript, SCSS, SASS, Jest, Figma, Git, БЭМ, Доступность сайтов, Кроссбраузерная оптимизаци, Mobile first, Семантичная вёрстка, UI kit, Jade, Vue.js, Scrum, SPA, TDD, Верстка, Алгоритмы, Анимации CSS, WordPress, GitHub, Карьера: Поиск работы, Карьера: Составление резюме, Карьера: Релокейт, GitLab, лендинги, Релокация, Visual Studio Code, Трудоустройство в зарубежные компании, Vite "
2940,yana_savelieva,https://solvery.io/ru/mentor/yana_savelieva,Яна Савельева,ментор по продуктовому/ui/ux-дизайну и системный коуч,,Москва,Europe/Moscow,4374,rub,7,69,,"Управление командой, Дизайн, Управление проектами, UI, UX, Figma, MVP, Customer Journey Map, UI kit, Развитие карьеры, Customer experience, Публичные выступления, Стартапы: запуск, Стартапы: трекинг, Построение системы менторинга, User Story, Карьера: Поиск работы, Коучинг, Коучинг: лайф-коучинг, Коучинг: бизнес-коучинг, Коучинг: целеполагание, Стратегическое планирование, Mind Map, SWOT, SMART Цели, UX: анализ конкурентов, UX: юзабилити аудит, UX: разработка сценариев, UX: разработка концептуального макета, UX: детальный дизайн, Развитие soft skills, Найм команды, Переговоры, Тайм-менеджмент, Фасилитация"
3316,ir_sid,https://solvery.io/ru/mentor/ir_sid,Ирина Сидорова,Senior Product Designer,Райффайзенбанк,Москва,Europe/Moscow,4374,rub,2,31,,"Дизайн, UI, UX, Figma, Userflow, Дизайн-стратегия, UI kit"
88,nadezda_voskresenskaya,https://solvery.io/ru/mentor/nadezda_voskresenskaya,Надежда Воскресенская,Дизайнер,anyLogic,Санкт-Петербург,Europe/Moscow,4374,rub,1,14,,"Управление продуктом, Дизайн, UI, UX, Типографика, Figma, Айдентика, Дизайн-стратегия, Графический дизайн, UI kit, Техническое задание, CEO, Дизайн Система, UX: разработка концептуального макета, UX: детальный дизайн, UX: интервью, опросы, анкетирование, UX: разработка сценариев, UX: анализ конкурентов"
1527,Greyewi,https://solvery.io/ru/mentor/Greyewi,Сергей Сунцев,Senior Web3 Full-stack Engineer,Tonstakers,Москва,Europe/Moscow,4374,rub,1,24,,"Тестирование, Бэкенд, Фронтенд, JavaScript, React, Redux, Node.js, Git, SQL, Solidity, NestJS, Playwright, Использование ИИ"
111,sergey_menshov,https://solvery.io/ru/mentor/sergey_menshov,Сергей Меньшов,Ведущий специалист по Computer Vision,Nexign.com,Санкт-Петербург,Europe/Moscow,4374,rub,3,144,,"Python, Машинное обучение, Tensorflow, OpenCV, OpenVino, Computer Vision, Deep Learning"
112,vitaliy_kopachev,https://solvery.io/ru/mentor/vitaliy_kopachev,Виталий Копачёв,CTO,SenseMachine,Москва,Europe/Moscow,4374,rub,5,172,,"DevOps, Бэкенд, Фронтенд, JavaScript, TypeScript, Python, Docker, Django, Vue.js, AIOHTTP, Deploy, NestJS"
2805,kolomatskiy,https://solvery.io/ru/mentor/kolomatskiy,Артем Коломацкий,Software Developer,Anna.money,Лондон,Europe/London,4374,rub,0,64,,"Бэкенд, PostgreSQL, Базы данных, Python, Git, SQL, REST API, Docker, Linux, Rabbitmq, Django, Django REST framework, AIOHTTP, Flask, Процессы разработки и тестирования, Алгоритмы, Паттерны проектирования, GitlabCI, Unit Tests, Redis"
1546,AnastasiaProk,https://solvery.io/ru/mentor/AnastasiaProk,Анастасия Прокопьева,Менеджер поставки,,Новосибирск,Asia/Krasnoyarsk,4374,rub,2,12,,"Управление командой, Управление проектами, Системная аналитика, Kanban, Мотивация команды, Agile, Управление проектным офисом, Управление знаниями в команде, HR: оценка и аттестация, HR: обучение и развитие, Jira, Теория ограничений"
3428,vsevolod,https://solvery.io/ru/mentor/vsevolod,Всеволод Луковский,BI/DWH TeamLead,,Москва,Europe/Moscow,4374,rub,0,19,,"Управление командой, Data Science, Управление продуктом, PostgreSQL, Python, SQL, Аналитика, Kafka, ClickHouse, Tableau, GreenPlum"
26609,semyonsavenkov,https://solvery.io/ru/mentor/semyonsavenkov,Семен Савенков,Технический архитектор 1С,Корус консалтинг,Астана,Asia/Tashkent,4374,rub,3,22,,"Бэкенд, Управление командой, 1C, REST API, oData, Процессы разработки и тестирования, Прохождение собеседований, Анализ и поиск решения (bugfix), Разработка на 1C, Разработка в 1C:EDT, 1С Запросы и СКД, 1С:ERP, 1С:УТ (Управление Торговлей), 1С:КА (комплексная автоматизация), 1С:БП (Бухгалтерия Предприятия), 1С Зарплата и управление персоналом, 1С, Подбор экспертов"
25783,stepan_panov,https://solvery.io/ru/mentor/stepan_panov,Степан Панов,Delivery manager,Go Invest,Москва,Europe/Moscow,4374,rub,0,0,,"Управление командой, Управление проектами, Тестирование, Kanban, Scrum, Agile, Управление требованиями, Jira, Trello, Качество продуктов и услуг, Microsoft Project, Python, Confluence"
29225,kirill_batishchev,https://solvery.io/ru/mentor/kirill_batishchev,Кирилл Батищев,Design Team Lead,Kids360,Пермь,Asia/Yekaterinburg,4374,rub,0,1,,"Управление командой, Дизайн, UI, Логотип, UX, Типографика, Figma, Айдентика, UI kit, Прохождение собеседований, A/B testing, HR: обучение и развитие, Дизайн Система, UX: анализ конкурентов, UX: юзабилити аудит, UX: интервью, опросы, анкетирование, UX: разработка концептуального макета, UX: детальный дизайн, UX: тексты, UX: лендинги, Прототипирование, Продуктовый дизайн"
24873,vpershukov,https://solvery.io/ru/mentor/vpershukov,Владимир Першуков,QA Chapter Lead (Автоследование и системы Банка),Финам,Москва,Europe/Moscow,4374,rub,4,18,,"Тестирование, Управление командой, HR, PostgreSQL, Python, Git, REST API, Scrum, Selenium, Автоматизация тестирования, Процессы разработки и тестирования, Прохождение собеседований, TeamCity, CI/CD, Postman, Мотивация команды, Allure, Функциональное тестирование, Agile, Управление знаниями в команде, Развитие карьеры, Продуктовые метрики, Confluence, Карьера: Поиск работы, Карьера: Составление резюме, gRPC, Карьерное консультирование"
27727,nataliakochetkova,https://solvery.io/ru/mentor/nataliakochetkova,Наталья Кочеткова,"Предприниматель, консультант, бизнес-трекер",FrushkaIskra,Novi Sad,Europe/Belgrade,4374,rub,0,12,,"Управление командой, Управление продуктом, Управление проектами, Canvas, Процессы разработки и тестирования, Мотивация команды, Управление организационными изменениями, Развитие карьеры, Growth hacking, Стартапы: запуск, Стартапы: трекинг, Стратегическое планирование, Трекшен проектов/стартапов"
9571,mrt,https://solvery.io/ru/mentor/mrt,Иван Мартынов,QA Lead,Yandex,Санкт-Петербург,Europe/Moscow,4374,rub,0,50,,"Тестирование, Управление командой, Управление продуктом, Android, Firebase, Автоматизация тестирования, Тест-кейсы, Процессы разработки и тестирования, Прохождение собеседований, CI/CD, iOS, Xcode, Функциональное тестирование, A/B testing, Техническое задание, Управление знаниями в команде, Карьера: Поиск работы, Карьера: Составление резюме, Mind Map, Trello, Miro, Найм команды"
28545,belyaeva_ds,https://solvery.io/ru/mentor/belyaeva_ds,Дарья Беляева,Senior Product Manager,Avito,Москва,Europe/Moscow,4374,rub,0,0,,"Управление командой, Управление продуктом, Управление проектами, UX, Аналитика, Юнит-экономика, Продуктовые метрики, Продуктовая стратегия, CJM"
25319,tantiana_bogomolova,https://solvery.io/ru/mentor/tantiana_bogomolova,Татьяна Богомолова,Продуктовый дизайнер,Альфа-Банк,Белград,Europe/Belgrade,4374,rub,16,43,,"Дизайн, UI, UX, Figma, JTBD, Userflow, Android, Интерфейсы, Продуктовая аналитика, Customer Journey Map, Mobile first, UI kit, Прохождение собеседований, iOS, Дизайн Система, UX: анализ конкурентов, UX: юзабилити аудит, UX: разработка сценариев, UX: интервью, опросы, анкетирование, UX: карточная сортировка , UX: разработка концептуального макета, Дизайн систем, UX: тексты, UX: лендинги, лендинги, Карьерное консультирование, Исследование и сегментация ЦА, Техническое задание, Карьера: Составление резюме, Style guide, UX: настройка процессов в команде, Продуктовые метрики, Карьера: Поиск работы, Развитие карьеры"
27815,makoldin,https://solvery.io/ru/mentor/makoldin,Максим Маколдин,Head of Brand ,Burger king,Москва,Europe/Moscow,4374,rub,0,0,,"Управление командой, Управление продуктом, Маркетинг, Маркетинг: стратегия, Брэнд-менеджмент , Менеджмент Стейкхолдеров, Теория голубого океана, Бренд-менеджмент, Маркетинговые исследования, Стратегический маркетинг, Программы лояльности, Партнерский маркетинг, Позиционирование на рынке, Маркетинговая аналитика, B2B-маркетинг, Сегментация клиентов, СХ Аналитика, Маркетинговая коммуникация, Коммуникационная стратегия, Упаковка проекта"
18555,elena_ef,https://solvery.io/ru/mentor/elena_ef,Елена Ефимова,PM Lead,,Астана,Asia/Almaty,4374,rub,0,19,,"Бизнес аналитика, Управление проектами, Scrum, Мотивация команды, Agile, Управление проектным офисом, Управление портфелем проектов, Управление организационными изменениями, Управление знаниями в команде, Управление требованиями, Управление документацией, Confluence, Коучинг: целеполагание, SWOT, SMART Цели, Бизнес-процессы"
28763,henry,https://solvery.io/ru/mentor/henry,Генри Бабенко,Ведущий разработчик,,Ларнака,Asia/Nicosia,4374,rub,0,0,,"Бэкенд, Управление командой, Управление продуктом, PHP, Laravel, Процессы разработки и тестирования, CI/CD, Архитектура процессов, Мотивация команды, Agile, Распределённая команда, Управление знаниями в команде, Управление требованиями, Системное проектирование, People management, Найм команды, настройка процессов в команде, API запросы"
28714,ak,https://solvery.io/ru/mentor/ak,Александр Коновалов,QA Lead,,Мытищи,Europe/Moscow,4374,rub,0,4,,"Тестирование, Java, Docker, Scrum, Selenide, REST-assured, Agile, SMART Цели, Автоматизация тестирования, Функциональное тестирование, Процессы разработки и тестирования"
28352,irene_may,https://solvery.io/ru/mentor/irene_may,Ирина Майорова,Product Lead ,Флант,Москва,Europe/Moscow,4374,rub,0,0,,"Управление продуктом, Управление проектами, Customer Journey Map, Customer experience, Customer development, Тестирование продуктовых гипотез, Продуктовая стратегия, Продуктовая аналитика, Продуктовые метрики"
19493,letmeintogamedev,https://solvery.io/ru/mentor/letmeintogamedev,Марина Гомжина,"CAO, Продюсер конференций",Frostgate,Новосибирск,Asia/Krasnoyarsk,4374,rub,0,0,,"Мобильная разработка, Управление проектами, HR, HR: внутренняя коммуникация и корпоративная культура, PR, Публичные выступления, Карьера: Linkedin, Развитие soft skills, People management, продюсирование конференций и митапов, продюсирование мероприятий в IT , продюсирование мероприятий в gamedev, Подбор экспертов"
26031,katerinagofman,https://solvery.io/ru/mentor/katerinagofman,Катерина  Гофман,COO,Clicker.one,Новосибирск,Asia/Krasnoyarsk,4374,rub,0,0,,"Управление командой, Бизнес аналитика, Распределённая команда, Бизнес-процессы, Стратегическое управление, Клиентский Сервис"
9733,anastasiaozera,https://solvery.io/ru/mentor/anastasiaozera,Анастасия Губина,Senior Product manager,Нетмонет,Москва,Europe/Moscow,4374,rub,0,28,,"Управление продуктом, JTBD, MVP, Продуктовая аналитика, Customer Journey Map, Kanban, Scrum, Прохождение собеседований, A/B testing, Customer development, Развитие карьеры, Юнит-экономика, Продуктовые метрики, Продуктовая стратегия, Построение системы менторинга"
23719,olgaatiu,https://solvery.io/ru/mentor/olgaatiu,Ольга Тютюнщикова,Senior продуктовый маркетолог флагманских проектов и всесегментных воронок ,Фоксфорд,Пермь,Asia/Yekaterinburg,4374,rub,0,27,,"Управление командой, Управление продуктом, Маркетинг, Userflow, Jira, Маркетинг: исследования, Маркетинг: анализ конкурентов, Маркетинг: сегментация, Mind Map, Notion, SWOT, SMART Цели, Miro, лендинги, Flow, CJM, Event-маркетинг , Операционный маркетинг , Сегментация клиентов, Управление образовательным продуктом"
28150,amgoncharova,https://solvery.io/ru/mentor/amgoncharova,Ася Гончарова,Product manager,Моторика,Москва,Europe/Moscow,4374,rub,0,0,,"Управление продуктом, Продуктовая аналитика, Прохождение собеседований, Customer development, Управление документацией, Юнит-экономика, Продуктовые метрики, Продуктовая стратегия, Тестирование продуктовых гипотез, Карьера: Поиск работы, Карьера: Составление резюме, Аналитика данных, Маркетплейсы, CJM, SQL"
22371,ankudish,https://solvery.io/ru/mentor/ankudish,Ирина Анкудинова,Lead Business System Analyst,,Санкт-Петербург,Europe/Moscow,4374,rub,0,6,,"Бизнес аналитика, Управление проектами, Системная аналитика, MVP, REST API, UML диаграммы, Прохождение собеседований, Архитектура процессов, Openapi, Аналитика, Agile, Управление требованиями, BPMN, User Story, Бизнес-процессы, настройка процессов в команде"
28052,zmey14,https://solvery.io/ru/mentor/zmey14,Андрей Викторов,"ex-CTO, Ведущий системный аналитик",,Москва,Europe/Moscow,4374,rub,1,5,,"Бэкенд, Управление командой, Системная аналитика, HTML, CSS, PHP, PostgreSQL, Функциональное программирование, MySQL, Nginx, Техническое задание, YAML, Управление организационными изменениями, Управление знаниями в команде, Zabbix, Управление требованиями, Проектирование интеграций, Системное проектирование, Управление документацией, Стартапы: запуск, UML, Confluence, Управление ИТ, User Story, Карьера: Поиск работы, Стратегическое планирование, People management, ИИ/AI, Подбор экспертов, Анализ конкурентов, API запросы, Redmine, Технический писатель, ERP, Разработка технической документации, Go"
27974,matbat,https://solvery.io/ru/mentor/matbat,Давид Матюшин,SDET,X5 tech,Ростов-на-Дону,Europe/Moscow,4374,rub,0,39,,"Тестирование, Управление командой, JavaScript, Node.js, MongoDB, REST API, Docker, Selenium, Автоматизация тестирования, Jenkins, CI/CD, Postman, Cucumber, WebdriverIO, GitLab, Playwright, Python"
25030,elgindi_daria,https://solvery.io/ru/mentor/elgindi_daria,Дарья Эльгинди,Карьерный консультант и коуч | HR,,Санкт-Петербург,Europe/Moscow,4374,rub,0,0,,"Управление командой, HR, Прохождение собеседований, HR: мотивация сотрудников, HR: оценка и аттестация, HR: обучение и развитие, Развитие карьеры, Карьера: Поиск работы, Карьера: Составление резюме, Коучинг, Развитие soft skills, People management, Карьерное консультирование, Развитие личного бренда"
24098,michael_kogan,https://solvery.io/ru/mentor/michael_kogan,Михаил Коган,Scrum Master,X5 group,Раанана,Europe/Moscow,4374,rub,0,6,,"Управление командой, Управление продуктом, Управление проектами, Tilda, Kanban, Scrum, Тест-кейсы, Agile, Яндекс Метрика, Управление портфелем проектов, Распределённая команда, Управление ИТ, Axure RP, Развитие soft skills, Бизнес-процессы, Прототипирование, Юзабилити аудит, TeamGantt, Разработка технической документации"
7286,ambidextr,https://solvery.io/ru/mentor/ambidextr,Глеб Долгов,Design Teamlead,Ozon,Санкт-Петербург,Europe/Moscow,4374,rub,2,32,,"Управление командой, Дизайн, Less, UX, Типографика, Figma, Userflow, Дизайн-стратегия, Интерфейсы, Customer Journey Map, Прохождение собеседований, Паттерны проектирования, Развитие карьеры, Дизайн Система, Карьера: Составление резюме, UX: анализ конкурентов, UX: разработка сценариев, UX: разработка концептуального макета, UX: детальный дизайн"
27729,fdll,https://solvery.io/ru/mentor/fdll,Данил Менделев,middle+ iOS разработчик,МСДис,Санкт-Петербург,Europe/Moscow,4374,rub,0,0,,"Мобильная разработка, Swift, SwiftUI, UI kit, Базы данных, Network, Алгоритмы, Структуры данных"
27631,nkutcevalov,https://solvery.io/ru/mentor/nkutcevalov,Никита Куцевалов,Head of Operations,Immigram,Тбилиси,Asia/Tbilisi,4374,rub,0,2,,"Управление командой, Управление проектами, Мотивация команды, Управление проектным офисом, Управление портфелем проектов, Управление организационными изменениями, Распределённая команда, Развитие карьеры, Продажи, Стратегическое планирование, Mind Map, Miro, Развитие soft skills, People management, Найм команды, Переговоры, Бизнес-процессы, Эффективность организации, Стратегическое управление, Фасилитация, Масштабирование команды, Клиентский Сервис, настройка процессов в команде, CJM, Cобеседование на английском языке, Monday com, Использование ИИ"
27575,,,Алексей Копылов-Ноак,Agile coach,Сбер,Москва,Europe/Moscow,4374,rub,0,0,,"Управление командой, Управление проектами, Less, Kanban, Scrum, Мотивация команды, Agile, Управление знаниями в команде, Развитие карьеры, Коучинг, Коучинг: лайф-коучинг, Коучинг: целеполагание, Развитие soft skills, настройка процессов в команде"
27314,zvyagin_gk,https://solvery.io/ru/mentor/zvyagin_gk,Глеб Звягин,Лидер продуктовой трансформации,,москва,Europe/Moscow,4374,rub,0,0,,"Управление командой, Управление продуктом, Управление проектами, Agile, Управление проектным офисом, Стратегическое планирование, Delivery managment, Less, Kanban, Коучинг"
27443,,,Игорь Чепелев,Ментор разработчиков и консультант стартапов (мобильные приложения и web/SaaS),,Гуанчжоу,Asia/Hong_Kong,4374,rub,1,3,,"Мобильная разработка, Бэкенд, Фронтенд, CSS, JavaScript, React, Angular, React Native, NestJS, Развитие карьеры"
24277,,,Софья Харламова,QA Lead,2gis,Барнаул,Asia/Krasnoyarsk,4374,rub,0,9,,"Тестирование, Управление командой, HTML, CSS, SQL, Kanban, Scrum, Тест-кейсы, Процессы разработки и тестирования, Прохождение собеседований, Swagger, SoapUI, Postman, Мотивация команды, Функциональное тестирование, Распределённая команда, JMeter, Jira, Построение системы менторинга, Найм команды, Масштабирование команды, настройка процессов в команде, Нагрузочное тестирование, KPI и OKR, API запросы, Kibana, QTest, TestLink, Zephyr"
27026,,,Николай Мальцев,Middle+ QA,Авито,Уфа,Asia/Yekaterinburg,4374,rub,1,16,,"Тестирование, JavaScript, Python, Автоматизация тестирования, Тест-кейсы, Процессы разработки и тестирования, Go, Postman, Функциональное тестирование, Chrome DevTools, Playwright"
26883,tannnia_k,https://solvery.io/ru/mentor/tannnia_k,Татьяна Коган,Senior бизнес-аналитик,Банк дом.рф,Москва,Europe/Moscow,4374,rub,5,22,,"Бизнес аналитика, JTBD, Customer development, Управление требованиями, BPMN, UML, Waterfall, SWOT, Бизнес-процессы"
26607,avraminka,https://solvery.io/ru/mentor/avraminka,Андрей Авраменко,Помогаю сформулировать опыт в резюме | Поиск точек роста бизнеса с помощью IT | Менторство системных аналитиков,Ржд,Москва,Europe/Moscow,4374,rub,5,15,,"Бизнес аналитика, Управление проектами, Системная аналитика, PostgreSQL, SQL, REST API, Продуктовая аналитика, Scrum, UML диаграммы, Swagger, Postman, ClickHouse, Google analytics, Яндекс Метрика, HR: подбор и адаптация, Управление требованиями, Проектирование интеграций, Системное проектирование, Jira, Развитие карьеры, BPMN, Теория ограничений, Управление ИТ, Карьера: Составление резюме, Карьера: Linkedin, CRM Маркетинг, Коучинг: бизнес-коучинг, Waterfall, SMART Цели, UX: разработка сценариев, UX: разработка концептуального макета, Кейс-менеджмент, Эффективность организации, Google Tagmanager, Клиентский Сервис, Аналитика данных, ChatGPT, large language model (LLM), Appmetrica, Ценностное предложение, Карьерное консультирование, Развитие личного бренда, Партнерский маркетинг, Коммерческое предложение, Маркетинговая аналитика, API запросы, Microsoft Project, Доли и опционы в стартапе, Трекшен проектов/стартапов, BI-системы, Использование ИИ"
26562,s_iakovlev,https://solvery.io/ru/mentor/s_iakovlev,Станислав Яковлев,IT Team Lead,Тинькофф страхование,Москва,Europe/Moscow,4374,rub,0,1,,"Мобильная разработка, Тестирование, Управление командой, Kotlin, Firebase, REST API, Appium, Автоматизация тестирования, Тест-кейсы, Процессы разработки и тестирования, Прохождение собеседований, SoapUI, Postman, Мотивация команды, Функциональное тестирование, Распределённая команда, Управление знаниями в команде, Jira, Развитие карьеры, Публичные выступления, Confluence, Карьера: Поиск работы, Карьера: Составление резюме, Chrome DevTools, Развитие soft skills, People management, Найм команды, настройка процессов в команде, Delivery managment, API запросы"
26564,aperskevich,https://solvery.io/ru/mentor/aperskevich,Алексей Перскевич,Ведущий Android разработчик,ВКонтакте,Новосибирск,Asia/Krasnoyarsk,4374,rub,0,19,,"Мобильная разработка, Android, Kotlin, Compose"
25822,goncharov_vadim,https://solvery.io/ru/mentor/goncharov_vadim,Вадим Гончаров,Senior Frontend Developer,ВКонтакте,Москва,Europe/Moscow,4374,rub,1,22,,"Фронтенд, HTML, CSS, JavaScript, Sass, Webpack, React, Redux, TypeScript, Git, REST API, UI kit, Прохождение собеседований, GitlabCI, Chat bots, Vite "
25254,by_soboleva,https://solvery.io/ru/mentor/by_soboleva,Алина Соболева,Веб-дизайнер,Яндекс,Москва,Europe/Moscow,4374,rub,0,0,,"Дизайн, UI, Tilda, Типографика, Figma, Графический дизайн, UI kit, Дизайн Система"
18748,efim_ok,https://solvery.io/ru/mentor/efim_ok,Ефим Загребин,Архитектор (ELMA365),На себя,Ижевск,Asia/Dubai,4374,rub,3,41,,"Бизнес аналитика, Фронтенд, Системная аналитика, HTML, CSS, JavaScript, TypeScript, Прохождение собеседований, Архитектура процессов, Мотивация команды, Аналитика, Управление знаниями в команде, BPMN, Бизнес-процессы, Low-code, ELMA365"
24979,dobrusin,https://solvery.io/ru/mentor/dobrusin,Алексей Добрусин,Коммерческий директор,Coca-cola,Самара,Europe/Moscow,4374,rub,0,20,,"Управление командой, Маркетинг, Управление проектами, Маркетинг: стратегия, Активные продажи, B2B-продажи, Стратегический маркетинг, Операционный маркетинг , Маркетинговая аналитика, B2B-маркетинг, Построение отдела продаж, Маркетинговая коммуникация"
24477,kardashev_sergei,https://solvery.io/ru/mentor/kardashev_sergei,Сергей Кардашев,"Дизайнер, тимлид, арт-директор",Tele2,Москва,Europe/Moscow,4374,rub,9,48,,"Управление командой, Дизайн, UI, UX, Figma, JTBD, Userflow, Фирменный стиль, Дизайн-стратегия, Графический дизайн, Интерфейсы, UI kit, Прохождение собеседований, Паттерны проектирования, Дизайн Система, Тестирование продуктовых гипотез, Карьера: Составление резюме, UX: детальный дизайн, Прототипирование"
24013,drimtv,https://solvery.io/ru/mentor/drimtv,Дмитрий Волков,Head of Product Design,М.Девелопер,Москва,Europe/Moscow,4374,rub,0,2,,"Управление командой, Дизайн, HR, HTML, CSS, UI, UX, Типографика, Figma, MVP, Интерфейсы, UI kit, Kanban, Scrum, Прохождение собеседований, Мотивация команды, Google analytics, Яндекс Метрика, Blender, Управление знаниями в команде, HR: подбор и адаптация, HR: мотивация сотрудников, HR: оценка и аттестация, HR: обучение и развитие, HR: внутренняя коммуникация и корпоративная культура, HR: формирование команд, Публичные выступления, Дизайн Система, User Story, Тестирование продуктовых гипотез, Карьера: Составление резюме, UX: анализ конкурентов, UX: юзабилити аудит, UX: синтез персонажей, UX: разработка сценариев, UX: интервью, опросы, анкетирование, UX: карточная сортировка , UX: разработка концептуального макета, UX: детальный дизайн, Построение контакт-центра, UX: настройка процессов в команде, Подбор экспертов, Прототипирование, CJM, Анализ конкурентов, Юзабилити аудит"
23575,boris_lysikov,https://solvery.io/ru/mentor/boris_lysikov,Борис Лысиков,QA & AQA Mobile Lead,Dodo engineering,Новосибирск,Asia/Krasnoyarsk,4374,rub,1,26,,"Тестирование, Управление командой, Git, Kotlin, Автоматизация тестирования, Прохождение собеседований, Swift, Postman, Функциональное тестирование, Карьера: Поиск работы, Карьера: Составление резюме, XCUITest"
23507,kskashina,https://solvery.io/ru/mentor/kskashina,Ксения  Кашина,Head of content/главред,ИП Кашина Ксения Сергеевна ,Москва ,Europe/Moscow,4374,rub,2,20,,"Маркетинг, Управление проектами, JTBD, Customer development, Customer experience, Маркетинг: стратегия, Маркетинг: контент, Маркетинг: анализ конкурентов, UX: анализ конкурентов, UX: интервью, опросы, анкетирование, Стратегическое управление, UX: тексты, smm, CJM, Анализ конкурентов, Копирайтинг, Контент-маркетинг, Сторителлинг, Маркетинговая коммуникация, Коммуникационная стратегия, Путь героя , Драматургия , Контент-план"
23219,alexandr_matyuhin,https://solvery.io/ru/mentor/alexandr_matyuhin,Александр  Матюхин,"CTO, TechLead, Co-Founder",ReelUpX.com,Новосибирск ,Asia/Krasnoyarsk,4374,rub,0,0,,"Бэкенд, Управление командой, Управление продуктом, Стартапы: продвижение, Стартапы: запуск, Стартапы: трекинг, Стартапы: инвестиции, Найм команды, Масштабирование команды, Доли и опционы в стартапе, Трекшен проектов/стартапов, PHP, MySQL, JavaScript, Vue.js, Мотивация команды"
18195,niossel,https://solvery.io/ru/mentor/niossel,Наталья  Иоссель,Скрам-мастер,T systems iberia,Гранада ,Europe/Prague,4374,rub,1,9,,"Управление командой, Управление продуктом, Управление проектами, Scrum, Прохождение собеседований, Мотивация команды, Agile, Распределённая команда, HR: подбор и адаптация, HR: мотивация сотрудников, HR: оценка и аттестация, HR: обучение и развитие, HR: внутренняя коммуникация и корпоративная культура, HR: стратегический HR, HR: формирование команд, Менеджмент 3.0, User Story, Тестирование продуктовых гипотез, Коучинг, SMART Цели, Miro, Развитие soft skills, People management, Найм команды, Фасилитация"
17608,anovgorod,https://solvery.io/ru/mentor/anovgorod,Антон Новгородцев,Owner,Nova group,Москва,Europe/Moscow,4374,rub,5,35,,"Управление командой, Маркетинг, Управление проектами, Упаковка, Customer Journey Map, Scrum, Прохождение собеседований, Управление портфелем проектов, Управление организационными изменениями, Распределённая команда, Управление знаниями в команде, HR: обучение и развитие, Customer experience, Маркетинг: стратегия, Маркетинг: процессы, Маркетинг: найм, Маркетинг: трекинг, Маркетинг: контент, Маркетинг: инфлюенс, PR, Стартапы: продвижение, Стартапы: запуск, Стартапы: трекинг, Построение системы менторинга, EdTech, Маркетинг: исследования, Маркетинг: анализ конкурентов, Маркетинг: оценка рынка, Тестирование продуктовых гипотез, Маркетинг: сегментация, Маркетинг: персоны, Маркетинговый аудит, UX: юзабилити аудит, Развитие soft skills, Найм команды, Таргетированная реклама: VK, Организационная структура, Бизнес-процессы, Брэнд-менеджмент , Маркетплейсы, продюсирование мероприятий в IT , Ценностное предложение, Карьерное консультирование, Развитие личного бренда, Коммерческое предложение, Telegram ads, Копирайтинг, Контент-маркетинг, Трекшен проектов/стартапов, Управление образовательным продуктом"
17519,verayya,https://solvery.io/ru/mentor/verayya,Вера Буланова,Product manager,Kaspersky,Москва,Europe/Moscow,4374,rub,4,25,,"Управление командой, Управление продуктом, Userflow, MVP, Продуктовая аналитика, Scrum, Тест-кейсы, Прохождение собеседований, Мотивация команды, Freelance, Customer development, Управление портфелем проектов, Управление организационными изменениями, Распределённая команда, Управление знаниями в команде, HR: мотивация сотрудников, CPO, Развитие карьеры, Юнит-экономика, Customer experience, Продуктовые метрики, Продуктовая стратегия, Стартапы: запуск, Карьера: Поиск работы, Карьера: Составление резюме, People management, Найм команды, Организационная структура, Бизнес-процессы, Качество продуктов и услуг, Стратегическое управление, Трекшен проектов/стартапов, Запуск стартапов"
15778,pd_ux,https://solvery.io/ru/mentor/pd_ux,Александр Подъячий,UX/UI Дизайнер,Сбер,Владимир,Europe/Moscow,4374,rub,8,59,,"Дизайн, UX, Figma, Интерфейсы, Дизайн Система, UX: детальный дизайн"
10509,mazurolga,https://solvery.io/ru/mentor/mazurolga,Ольга Мазур,Product Unit Lead,Neiry,Санкт-Петербург,Europe/Kaliningrad,4374,rub,15,110,,"Управление командой, Управление продуктом, Бизнес аналитика, Прохождение собеседований, Управление требованиями, Управление документацией, Развитие карьеры, Продуктовая стратегия, HealthTech, Карьера: Поиск работы, Коучинг, Коучинг: лайф-коучинг, Развитие soft skills, People management, Найм команды, Бизнес-процессы, Фасилитация, Менеджмент Стейкхолдеров, OKR, настройка процессов в команде, Техническая документация, KPI и OKR, Прототипирование, Карьерное консультирование, Оценка рынка, Развитие личного бренда"
10481,akameneva,https://solvery.io/ru/mentor/akameneva,Анастасия Каменева,Design OPS,Samokat,Москва,Europe/Moscow,4374,rub,3,127,,"Управление командой, Дизайн, UI, Tilda, UX, Figma, JTBD, MVP, Material Design, Дизайн-стратегия, Интерфейсы, Доступность сайтов, UI kit, A/B testing, Управление знаниями в команде, Дизайн Система, Карьера: Поиск работы, Карьера: Составление резюме, Карьера: Linkedin, UX: анализ конкурентов, UX: юзабилити аудит, UX: интервью, опросы, анкетирование, UX: карточная сортировка , UX: разработка концептуального макета, UX: детальный дизайн, Найм команды, Тайм-менеджмент"
9692,evgeniia_koroleva,https://solvery.io/ru/mentor/evgeniia_koroleva,Евгения Королева,Product manager,Ibs training center,Москва,Europe/Moscow,4374,rub,2,4,,"Управление командой, Управление продуктом, Управление проектами, Прохождение собеседований, Управление портфелем проектов, Распределённая команда, CPO, Развитие карьеры, Юнит-экономика, Customer experience, Growth hacking, Продуктовые метрики, Продуктовая стратегия, Стартапы: запуск, Lean, EdTech, Карьера: Поиск работы, Карьера: Составление резюме, Notion, Trello, Miro, People management, Найм команды, Качество продуктов и услуг, Стратегическое управление, ChatGPT, настройка процессов в команде, Подбор экспертов, KPI и OKR, Ценностное предложение, CJM, Карьерное консультирование, Анализ конкурентов, Оценка рынка, Исследование и сегментация ЦА, Позиционирование на рынке, Сегментация клиентов, Трекшен проектов/стартапов, Управление образовательным продуктом"
9368,ivan_bykan,https://solvery.io/ru/mentor/ivan_bykan,Иван Быканов,Senior Product Manager,Lightspeed,Ереван,Asia/Yerevan,4374,rub,0,16,,"Управление командой, Управление продуктом, Управление проектами, JTBD, Продуктовая аналитика, Прохождение собеседований, Мотивация команды, Аналитика, Customer development, Управление требованиями, Развитие карьеры, Юнит-экономика, Customer experience, Growth hacking, Продуктовые метрики, Продуктовая стратегия, Стартапы: продвижение, Lean, Теория ограничений, AdTech, User Story, Маркетинг: исследования, Маркетинг: анализ конкурентов, Маркетинг: оценка рынка, Тестирование продуктовых гипотез, Маркетинг: сегментация, Маркетинг: персоны, Карьера: Поиск работы, Карьера: Составление резюме, Стратегическое планирование, Mind Map, SWOT, SMART Цели, Trello, Miro, UX: анализ конкурентов, UX: интервью, опросы, анкетирование, UX: разработка концептуального макета, Развитие soft skills, People management, Бизнес-процессы, Тайм-менеджмент, Качество продуктов и услуг, Масштабирование команды, Low-code, No-code"
8369,themultifive,https://solvery.io/ru/mentor/themultifive,Filipp Sentsov,Lead System Architect,Самолет,Краснодар,Europe/Moscow,4374,rub,3,79,,"Управление продуктом, Информационная безопасность, Системная аналитика, Базы данных, SQL, REST API, Docker, Microservices, Architecture, Kanban, Scrum, UML диаграммы, Процессы разработки и тестирования, Прохождение собеседований, Entity Framework, Архитектура процессов, Openapi, СУБД, Swagger, Мотивация команды, Software Architecture, Техническое задание, Agile, YAML, Keycloak, Управление требованиями, Проектирование интеграций, Управление документацией, Jira, Slack, UML, Confluence, Карьера: Поиск работы, Карьера: Составление резюме, Waterfall"
8006,nkolosov,https://solvery.io/ru/mentor/nkolosov,Никита Колосов,Senior Backend Developer,Купер,Новосибирск,Asia/Krasnoyarsk,4374,rub,4,390,,"Бэкенд, PHP, MongoDB, PostgreSQL, Базы данных, Git, SQL, Производительность, REST API, Docker, Linux, Rabbitmq, Microservices, Architecture, Deploy, Структуры данных, TDD, UML диаграммы, Software Engineering, Процессы разработки и тестирования, Прохождение собеседований, Алгоритмы, Анализ и поиск решения (bugfix), Паттерны проектирования, GitlabCI, Unit Tests, СУБД, Go, Swagger, Push Notifications, GitHub, Yii2, Nginx, Software Architecture, Kafka, ClickHouse, Redis, NoSQL, Kubernetes, GitLab, Prometheus, Grafana, gRPC, ACID, JWT, API запросы, Availability, UML, Openapi"
7643,hedinant,https://solvery.io/ru/mentor/hedinant,Антон Жулитов,СТО направления,Wildberries,Москва,Europe/Moscow,4374,rub,0,42,,"Бэкенд, Управление командой, Java, Hibernate, Scrum, Hadoop, Agile, Распределённая команда, Управление ИТ"
5228,nas_kru,https://solvery.io/ru/mentor/nas_kru,Анастасия Крутова,Руководитель группы тестирования,Альфа-Банк,Санкт-Петербург,Europe/Moscow,4374,rub,3,129,,"Тестирование, Python, Java, REST API, Appium, Автоматизация тестирования, Go"
5013,angelika,https://solvery.io/ru/mentor/angelika,Анжелика Рахметова,Digital Product Manager ,Strv,Прага,Europe/Vienna,4374,rub,8,140,,"Управление командой, Управление продуктом, Управление проектами, MVP, Продуктовая аналитика, Kanban, Scrum, Прохождение собеседований, Мотивация команды, A/B testing, Техническое задание, Agile, Управление знаниями в команде, Развитие карьеры, Продуктовые метрики, Продуктовая стратегия, Стартапы: продвижение, Стартапы: запуск, Стартапы: трекинг, Построение системы менторинга, User Story, Концепция и границы, Маркетинг: анализ конкурентов"
4898,ulianovav,https://solvery.io/ru/mentor/ulianovav,Валентина Ульянова,Старший системный аналитик,,Красногорск,Europe/Moscow,4374,rub,2,54,,"Управление командой, Бизнес аналитика, Системная аналитика, REST API, Scrum, Процессы разработки и тестирования, Postman, Kafka, Техническое задание, Битрикс24, 1С-Битрикс, Управление требованиями, Проектирование интеграций, Системное проектирование, Управление документацией, Jira, Confluence, UML диаграммы, BPMN, User Story, Openapi, Swagger, SoapUI, SQL, API запросы, Разработка технической документации, Техническая документация, MVP"
4255,nikita_a,https://solvery.io/ru/mentor/nikita_a,Никита Ахмеров,Product Owner,Wildberries,Москва,Europe/Moscow,4374,rub,4,20,,"Управление командой, Управление продуктом, Маркетинг, UX, SASS, MVP, Упаковка, Продуктовая аналитика, Customer Journey Map, Network, BigData, Мотивация команды, Аналитика, Управление портфелем проектов, Управление организационными изменениями, Управление знаниями в команде, Развитие карьеры, Юнит-экономика, Продуктовые метрики, Продуктовая стратегия, Маркетинг: стратегия, Маркетинг: процессы, Публичные выступления, Продажи, Активные продажи, B2B-продажи, Маркетинг: сегментация"
3894,,,Григорий Вахмистров,Senior Backend Developer,Tennisi,Тула,Europe/Moscow,4374,rub,9,500,,"Мобильная разработка, Бэкенд, Базы данных, C#, SQL, Java, REST API, Rabbitmq, Spring, Microservices, Spring Boot, Hibernate, jQuery, Структуры данных, ASP.NET Core, TDD, WPF, SQLite, Software Engineering, Прохождение собеседований, TeamCity, Spring Framework, .NET core, Gitflow, Алгоритмы, Анализ и поиск решения (bugfix), Паттерны проектирования, Unit Tests, СУБД, Техническое задание, GraphQL, MVVM, Дизайн систем, настройка процессов в команде, gRPC, Техническая документация"
917,kochanoff,https://solvery.io/ru/mentor/kochanoff,Евгений Кочанов,Senior Product Analyst,Tutu.ru,Санкт-Петербург,Europe/Moscow,4500,rub,3,199,,"Data Science, Управление продуктом, Python, SQL, Продуктовая аналитика, Прохождение собеседований, Статистика, Аналитика, Visualization, ClickHouse, Tableau"
24537,alexey_kuzin,https://solvery.io/ru/mentor/alexey_kuzin,Алексей Кузин,Руководитель отдела продаж,Мтс digital,Москва,Europe/Moscow,4500,rub,1,33,,"Управление командой, HR, Управление проектами, Прохождение собеседований, Мотивация команды, Битрикс24, 1С-Битрикс, Управление знаниями в команде, HR: подбор и адаптация, HR: мотивация сотрудников, HR: оценка и аттестация, HR: обучение и развитие, HR: внутренняя коммуникация и корпоративная культура, HR: формирование команд, Развитие карьеры, Публичные выступления, Стартапы: запуск, Продажи, Активные продажи, B2B-продажи, Маркетинг: исследования, Маркетинг: анализ конкурентов, Маркетинг: оценка рынка, Карьера: Поиск работы, Карьера: Составление резюме, Коучинг, Найм команды, Переговоры, Бизнес-процессы, Тайм-менеджмент, Масштабирование команды, ИИ/AI, Жесткие переговоры, Карьерное консультирование, Коммерческое предложение, Telegram ads, Amocrm, Построение отдела продаж"
7461,komarov,https://solvery.io/ru/mentor/komarov,Алексей Комаров,ex Руководитель группы дизайна,Тинькофф,Москва,Europe/Moscow,4500,rub,38,351,,"Управление командой, Управление продуктом, Дизайн, UI, UX, Дизайн-стратегия, Интерфейсы, Mobile first, Прохождение собеседований, Мотивация команды, Карьера: Поиск работы, Карьера: Составление резюме, Карьера: Linkedin, UX: интервью, опросы, анкетирование, UX: разработка концептуального макета, UX: детальный дизайн, UX: лендинги, UX: настройка процессов в команде"
29092,sh_tatiana,https://solvery.io/ru/mentor/sh_tatiana,Татьяна Шеврикуко,Product Manager,Точка банк,Москва,Europe/Moscow,4520,rub,0,0,,"Управление продуктом, Маркетинг, Управление проектами, UX, Прохождение собеседований, A/B testing, Customer development, Продуктовые метрики, UX: интервью, опросы, анкетирование"
28837,el_tatenko,https://solvery.io/ru/mentor/el_tatenko,Елизавета  Татенко,Руководитель дизайна и исследований ,i-digital,Санкт-Петербург,Europe/Moscow,4520,rub,0,0,,"Управление командой, Фронтенд, Дизайн, UI, UX, Дизайн-стратегия, Продуктовые метрики, Продуктовый дизайн"
9254,podgaiskaia,https://solvery.io/ru/mentor/podgaiskaia,Юлия Лецко,CMO,РосТендер,Москва,Europe/Moscow,4520,rub,4,93,,"Управление продуктом, Маркетинг, Продуктовая аналитика, Развитие карьеры, Growth hacking, Продуктовые метрики, Продуктовая стратегия, Маркетинг: стратегия, Маркетинг: процессы, Маркетинг: найм, Маркетинг: трекинг, Маркетинг: контент, PR, Стартапы: продвижение, Стартапы: запуск, B2B-продажи, Маркетинг: исследования, Маркетинг: анализ конкурентов, Маркетинг: оценка рынка, Тестирование продуктовых гипотез, Маркетинг: сегментация, Маркетинг: персоны, Email Маркетинг, Стратегическое планирование, Маркетинговый аудит, UX: анализ конкурентов, Маркетинговые исследования, Стратегический маркетинг, Операционный маркетинг , Партнерский маркетинг, B2B-маркетинг, Контент-маркетинг, Маркетинговая коммуникация"
2351,verhovensky,https://solvery.io/ru/mentor/verhovensky,Bulat Hadjamberdiev,Backend Developer,Wave,Санкт-Петербург,Europe/Moscow,4593,rub,11,205,,"DevOps, Бэкенд, Бизнес аналитика, Next.Js, PostgreSQL, Python, Git, Userflow, SQL, MVP, REST API, Продуктовая аналитика, Docker, Linux, Django, Django REST framework, Deploy, Cистемное администрирование, Software Engineering, Автоматизация тестирования, Gitflow, Анализ и поиск решения (bugfix), CI/CD, Unit Tests, Google Pay, DDD, Nginx, Kafka, Kubernetes, FastAPI, SQLAlchemy, Нейросети, aiogram, Celery, ORMs"
5195,leramangy,https://solvery.io/ru/mentor/leramangy,Валерия Манжелиевская,Product Manager,Точка,Тбилиси,Asia/Tbilisi,4593,rub,3,82,,"Управление продуктом, Управление проектами, MVP, Продуктовая аналитика, Kanban, Мотивация команды, Customer development, Распределённая команда, Юнит-экономика, Продуктовые метрики, Продуктовая стратегия, Стартапы: продвижение, EdTech, Маркетинг: исследования, Маркетинг: анализ конкурентов, Тестирование продуктовых гипотез, Маркетинг: персоны, Trello, Miro, Исследование и сегментация ЦА, Управление образовательным продуктом"
28453,sweta_borr,https://solvery.io/ru/mentor/sweta_borr,Светлана Борисова,Лид методист,Postgres Professional,Ростов-на-Дону,Europe/Moscow,4598,rub,0,0,,"HR, Customer development, Распределённая команда, Управление знаниями в команде, HR: обучение и развитие, SMART Цели, Miro, Развитие soft skills, Тайм-менеджмент, Дизайн обучающих мероприятий, Фасилитация"
27508,semiguzov,https://solvery.io/ru/mentor/semiguzov,Егор Семигузов,Senior QA,Авито,Новосибирск,Asia/Krasnoyarsk,4598,rub,3,25,,"Тестирование, Бэкенд, PHP, PostgreSQL, Python, REST API, Автоматизация тестирования, Тест-кейсы, Процессы разработки и тестирования, Прохождение собеседований, Go, Функциональное тестирование, Нагрузочное тестирование, API запросы"
27588,nosgoth_sg,https://solvery.io/ru/mentor/nosgoth_sg,Глеб Котлинский,Lead Game Desginer at Elverils LLC,,Санкт-Петербург,Europe/Moscow,4666,rub,0,16,,"Разработка игр, Управление командой, Unity, HyperCasual, Midcore, Casual, Kanban, Scrum, Unreal Engine, Agile, Google analytics, Управление документацией, Техническая документация, продюсирование мероприятий в gamedev, Game Design, Разработка технической документации"
26361,wildetech,https://solvery.io/ru/mentor/wildetech,Александр Вальд,"Старший эксперт курса ""Аналитик данных""",Яндекс Практикум,Санкт-Петербург,Europe/Moscow,4666,rub,0,79,,"Управление командой, Управление продуктом, Маркетинг, Базы данных, Python, SQL, Продуктовая аналитика, Customer Journey Map, Машинное обучение, BigData, ETL, Kanban, Scrum, Структуры данных, UML диаграммы, Прохождение собеседований, СУБД, Статистика, A/B testing, Аналитика, GitHub, Pandas, Visualization, Техническое задание, Google analytics, Яндекс Метрика, CEO, HR: аналитика, Развитие карьеры, Юнит-экономика, Продуктовые метрики, Продуктовая стратегия, Маркетинг: стратегия, Маркетинг: процессы, Публичные выступления, Стартапы: продвижение, Стартапы: запуск, BPMN, UML, Lean, EdTech, User Story, Маркетинг: исследования, Маркетинг: анализ конкурентов, Маркетинг: оценка рынка, Тестирование продуктовых гипотез, Маркетинг: сегментация, Карьера: Поиск работы, Карьера: Составление резюме, Email Маркетинг, CRM Маркетинг, Коучинг, Стратегическое планирование, Mind Map, Waterfall, SWOT, SMART Цели, Развитие soft skills, People management, Data Warehouse (DWH), Тайм-менеджмент, Google Tagmanager, Аналитика данных, OKR, datalens, excel, google sheets, KPI и OKR, CJM, Карьерное консультирование, Анализ конкурентов, Маркетинговые исследования, Исследование и сегментация ЦА, Стратегический маркетинг, Позиционирование на рынке, Коммерческое предложение, Маркетинговая аналитика, B2B-маркетинг, Senior Product Manager, Jupyter Notebook, GA4, Управление образовательным продуктом, ERP, BI-системы, Сторителлинг, Маркетинговая коммуникация"
22167,sergeev,https://solvery.io/ru/mentor/sergeev,Никита Сергеев,Senior Frontend Developer,Яндекс,Санкт-Петербург,Europe/Moscow,4666,rub,1,15,,"Фронтенд, HTML, CSS, JavaScript, React, Redux, Node.js, Express, TypeScript, REST API, Docker, Перфоманс и скорость загрузки, Deploy, Процессы разработки и тестирования, Прохождение собеседований, CI/CD, Паттерны проектирования, Unit Tests, Frontend Performance"
7051,garina42,https://solvery.io/ru/mentor/garina42,Мария Гарина,"Днем работаю в IT, вечером эксперт по RTT",ВКонтакте,Москва,Europe/Kaliningrad,4860,rub,0,12,,"Управление командой, Маркетинг, Управление проектами, Мотивация команды, Freelance, Управление знаниями в команде, Маркетинг: стратегия, Маркетинг: найм, Маркетинг: трекинг, Маркетинг: контент, Маркетинг: инфлюенс, Публичные выступления, Стартапы: продвижение, Стартапы: запуск, Стартапы: трекинг, Стартапы: инвестиции, Построение системы менторинга, Продажи, Активные продажи, B2B-продажи, Концепция и границы, Маркетинг: исследования, Маркетинг: анализ конкурентов, Маркетинг: оценка рынка, Тестирование продуктовых гипотез, Маркетинг: сегментация, Коучинг, Коучинг: лайф-коучинг, Коучинг: бизнес-коучинг, Коучинг: целеполагание, People management, Бизнес-процессы, Эффективность организации, настройка процессов в команде, продюсирование конференций и митапов, продюсирование мероприятий в IT , Прохождение собеседований, Распределённая команда, Карьера: Linkedin, Переговоры, Тайм-менеджмент, Клиентский Сервис, Анализ конкурентов, Развитие личного бренда, Коммерческое предложение, Cобеседование на английском языке, Linkedin, Контент-план"
3080,getmanenko,https://solvery.io/ru/mentor/getmanenko,Владислав  Гетманенко,Head of Operations,Polemica,Москва,Europe/Moscow,4901,rub,0,8,,"Управление продуктом, Дизайн, Управление проектами, UX, Продуктовая стратегия, Стартапы: запуск, Стартапы: инвестиции, Тестирование продуктовых гипотез, Бизнес-процессы, Запуск стартапов, Венчур"
28883,pavel_grishakov,https://solvery.io/ru/mentor/pavel_grishakov,Павел Гришаков,Руководитель проекта,Цифровые технологии,Москва,Europe/Moscow,5000,rub,0,0,,"Управление командой, Управление продуктом, Управление проектами, Canvas, UI, UX, Kanban, Scrum, Процессы разработки и тестирования, Прохождение собеседований, Анализ и поиск решения (bugfix), Архитектура процессов, Мотивация команды, Функциональное тестирование, Статистика, Fintech, Customer development, Техническое задание, Agile, Управление проектным офисом, Управление портфелем проектов, Управление организационными изменениями, Распределённая команда, Управление знаниями в команде, HR: мотивация сотрудников, HR: формирование команд, Управление требованиями, Управление документацией, Развитие карьеры, Юнит-экономика, Продуктовые метрики, IT риски, Управление ИТ, Тестирование продуктовых гипотез, Карьера: Составление резюме, SMART Цели, People management, Организационная структура, Бизнес-процессы, Тайм-менеджмент, Кейс-менеджмент, Качество продуктов и услуг, Стратегическое управление, Масштабирование команды, Ценностное предложение, Бирюзовые организации, Упаковка проекта"
26925,cherdancev,https://solvery.io/ru/mentor/cherdancev,Евгений Черданцев,Growth Advisor,Skyeng,Краснодар,Europe/Moscow,5000,rub,1,13,,"Управление командой, Маркетинг, Управление проектами, Прохождение собеседований, Мотивация команды, Управление организационными изменениями, Распределённая команда, Развитие карьеры, Юнит-экономика, Growth hacking, Маркетинг: стратегия, Маркетинг: процессы, Маркетинг: найм, Маркетинг: трекинг, Маркетинг: контент, Маркетинг: инфлюенс, Стартапы: продвижение, Стартапы: трекинг, EdTech, Маркетинг: исследования, Маркетинг: анализ конкурентов, Маркетинг: оценка рынка, Маркетинг: сегментация, Маркетинг: персоны, Карьера: Поиск работы, Карьера: Составление резюме, Карьера: Linkedin, Email Маркетинг, CRM Маркетинг, Стратегическое планирование, Маркетинговый аудит, SMART Цели, Развитие soft skills, People management, Найм команды, Организационная структура, Бизнес-процессы, Стратегическое управление, Оценка эффективности организации, Карьерное консультирование, Маркетинговые исследования, Стратегический маркетинг, Операционный маркетинг , Партнерский маркетинг, Позиционирование на рынке, Маркетинговая аналитика, Контент-маркетинг, Трекшен проектов/стартапов, Маркетинговая коммуникация, Коммуникационная стратегия, Контент-план"
22860,mossad,https://solvery.io/ru/mentor/mossad,Евгений Павлов,Cloud Solution Architect,Indoor Robotics,Тель-Авив,Asia/Jerusalem,5000,rub,11,49,,"DevOps, AWS, Kubernetes, Terraform"
2342,roman_st92,https://solvery.io/ru/mentor/roman_st92,Роман Степанов,Product Manager,Авито,Москва,Europe/Moscow,5099,rub,5,67,,"Управление продуктом, Управление проектами, MVP, Продуктовая аналитика, Scrum, Прохождение собеседований, Customer development, Agile, Управление требованиями, Управление документацией, Развитие карьеры, Продуктовые метрики, Тестирование продуктовых гипотез, UX: интервью, опросы, анкетирование, Карьерное консультирование"
941,giorgobiany,https://solvery.io/ru/mentor/giorgobiany,Павел Гиоргобиани,Chief Marketing Officer,Indaspace,Пхукет,Asia/Bangkok,5104,rub,1,16,,"Управление продуктом, Маркетинг, Управление проектами, Tilda, UX, JTBD, Упаковка, Customer Journey Map, Мотивация команды, A/B testing, Customer development"
700,Ilona,https://solvery.io/ru/mentor/Ilona,Илона Дашук,Product Manager,Igooods,Санкт-Петербург,Europe/Moscow,5104,rub,1,34,,"Управление командой, Управление продуктом, Управление проектами, JTBD, MVP, Продуктовая аналитика, Customer Journey Map, Kanban, Scrum, Прохождение собеседований, Мотивация команды, Customer development, Техническое задание, Agile, Распределённая команда, Управление знаниями в команде, HR: подбор и адаптация, HR: обучение и развитие, HR: внутренняя коммуникация и корпоративная культура, HR: формирование команд, CPO, Менеджмент 3.0, Развитие карьеры, Юнит-экономика, Growth hacking, Продуктовые метрики, Продуктовая стратегия, Стартапы: запуск, User Story, Тестирование продуктовых гипотез"
2371,jennaqa,https://solvery.io/ru/mentor/jennaqa,Евгения Исакова,Head of QA,,Москва,Europe/Moscow,5104,rub,0,39,,"Тестирование, Управление командой, Управление проектами, Scrum, Тест-кейсы, Процессы разработки и тестирования, Прохождение собеседований, Архитектура процессов, Postman, Мотивация команды, Функциональное тестирование, Freelance, Agile, Управление знаниями в команде"
3025,cacaovmacao,https://solvery.io/ru/mentor/cacaovmacao,Наталья Золотова,Senior системный аналитик,Plata,Белград,Europe/Sofia,5104,rub,9,144,,"Системная аналитика, Базы данных, SQL, REST API, Архитектура процессов, Swagger, Postman, Аналитика, Kafka, Техническое задание, Управление требованиями, Системное проектирование, Управление документацией, BPMN, UML, Confluence"
3550,stasha_red,https://solvery.io/ru/mentor/stasha_red,Анастасия Редченкова,Lead Frontend Developer,Vestas,Орхус,Europe/Copenhagen,5104,rub,1,108,,"Фронтенд, HTML, CSS, JavaScript, SVG, Less, Sass, Gulp, Webpack, Grunt, Bootstrap, Pug, SCSS, SASS, Figma, Git, Браузеры, Анимация, БЭМ, Доступность сайтов, Кроссбраузерная оптимизаци, Mobile first, Семантичная вёрстка, Lighthouse, Подготовка технических докладов, jQuery, Vue.js, Прохождение собеседований, Gitflow, Верстка, Анализ и поиск решения (bugfix), Анимации CSS, ESLint, Google Maps, GitHub, Карьера: Linkedin, Релокация, Развитие личного бренда, Visual Studio Code, Cобеседование на английском языке, Трудоустройство в зарубежные компании, PostCSS"
26283,z17,https://solvery.io/ru/mentor/z17,Максим Илюкович,Team lead,Sumsub,Lisbon,Europe/Lisbon,5104,rub,1,13,,"Бэкенд, Управление командой, Управление проектами, Architecture, Процессы разработки и тестирования, Архитектура процессов, Мотивация команды, Software Architecture, Распределённая команда, CTO, Найм команды, Масштабирование команды, Java, Python, PHP, Перфоманс и скорость загрузки"
9677,kittykate,https://solvery.io/ru/mentor/kittykate,Екатерина  Иванова,Senior Product Designer,Ozon,Санкт-Петербург,Europe/Moscow,5104,rub,5,27,,"Управление командой, Дизайн, UI, UX, Userflow, MVP, Material Design, Интерфейсы, Прохождение собеседований, Мотивация команды, Развитие карьеры, User Story, Карьера: Поиск работы, Карьера: Составление резюме, Коучинг, Коучинг: лайф-коучинг, Коучинг: бизнес-коучинг, Коучинг: целеполагание, Mind Map, UX: анализ конкурентов, UX: юзабилити аудит, UX: разработка сценариев, UX: интервью, опросы, анкетирование, UX: разработка концептуального макета, UX: детальный дизайн, Развитие soft skills, People management, Найм команды, Тайм-менеджмент"
23623,,,Диана Нурекеева,Senior UX Researcher,Авито,Москва,Europe/Moscow,5104,rub,1,9,,"UX, Продуктовые метрики, UX: интервью, опросы, анкетирование, UX: настройка процессов в команде, CJM"
19330,ageykova,https://solvery.io/ru/mentor/ageykova,Виктория Агейкова,Senior Product Analyst,Крупная компания в сфере e-pharma,Рязань,Europe/Moscow,5104,rub,2,114,,"Бизнес аналитика, Маркетинг, Управление проектами, SQL, Продуктовая аналитика, Аналитика, Visualization, Google analytics, Яндекс Метрика, HR: аналитика, Развитие карьеры, Продуктовые метрики, Маркетинг: исследования, Маркетинг: анализ конкурентов, Тестирование продуктовых гипотез, Маркетинг: сегментация, Email Маркетинг, CRM Маркетинг, Аналитика данных, power BI"
16339,kovernik,https://solvery.io/ru/mentor/kovernik,Виталий Коверник,"Head of Product, Product Owner, Product Manager, предприниматель, основатель",,Эдинбург,Europe/London,5104,rub,0,23,,"Управление продуктом, Маркетинг, Управление проектами, JTBD, MVP, Продуктовая аналитика, Customer Journey Map, Scrum, Прототипное наследование, Прохождение собеседований, A/B testing, Fintech, Customer development, Agile, CEO, CPO, Управление требованиями, Развитие карьеры, Юнит-экономика, Customer experience, Growth hacking, Продуктовые метрики, Продуктовая стратегия, Маркетинг: стратегия, Стартапы: продвижение, Стартапы: запуск, Стартапы: трекинг, Стартапы: инвестиции, Lean, Lean Just-in-time, Продажи, User Story, Концепция и границы, Маркетинг: исследования, Маркетинг: анализ конкурентов, Маркетинг: оценка рынка, Тестирование продуктовых гипотез, Маркетинг: сегментация, Маркетинг: персоны, Коучинг: бизнес-коучинг, People management, Найм команды, UX: тексты, лендинги, настройка процессов в команде, Прототипирование, Ценностное предложение, Теория голубого океана, CJM, Карьерное консультирование, Маркетинговые исследования, Оценка рынка, Исследование и сегментация ЦА, Позиционирование на рынке, Сегментация клиентов, Юзабилити аудит, Senior Product Manager, Трекшен проектов/стартапов, Запуск стартапов, Упаковка проекта, Венчур, Привлечение инвестиций, Коммерческое предложение, UX: лендинги, UX: интервью, опросы, анкетирование, UX: разработка сценариев, Дизайн-стратегия"
20437,pavel,https://solvery.io/ru/mentor/pavel,Павел Шлюпкин,Recruitment Team Lead,Островок,Саратов,Europe/Samara,5104,rub,0,9,,"Управление командой, HR, Управление проектами, Мотивация команды, Масштабирование команды, Брэнд-менеджмент , Аналитика данных, Менеджмент Стейкхолдеров, лендинги, настройка процессов в команде"
17984,stepanlyakhov,https://solvery.io/ru/mentor/stepanlyakhov,Степан Ляхов,Senior Golang Engineer,Magnit,Москва,Europe/Moscow,5104,rub,0,64,,"Бэкенд, Базы данных, Git, SQL, REST API, Структуры данных, TDD, Software Engineering, Прохождение собеседований, Алгоритмы, Паттерны проектирования, СУБД, Go, Software Architecture, Техническое задание, Карьера: Поиск работы, Карьера: Составление резюме, Карьера: Linkedin, Коучинг, Коучинг: лайф-коучинг"
8108,eniki,https://solvery.io/ru/mentor/eniki,Евгений Ярославов,Lead Software Engineer & Architect | Tech Leadership,Solvery,Рязань,Asia/Krasnoyarsk,5104,rub,3,258,,"Бэкенд, Управление командой, Фронтенд, Clean Architecture, Architecture, Процессы разработки и тестирования, Software Architecture"
28546,,,Роман Сергеев,Delivery manager|Agile coach,,Москва,Europe/Moscow,5104,rub,0,0,,"Управление командой, Управление продуктом, Управление проектами, Kanban, Scrum, Agile, Управление знаниями в команде, Управление требованиями, Jira, Miro, Дизайн обучающих мероприятий"
28268,belokon_veronika,https://solvery.io/ru/mentor/belokon_veronika,Вероника Копылова (Белоконь),Руководитель отдела подбора | HR-эксперт | Старший рекрутер,Simple group,Москва,Europe/Moscow,5104,rub,0,0,,"HR, Прохождение собеседований, HR: подбор и адаптация, HR: мотивация сотрудников, HR: формирование команд, Карьера: Поиск работы, Карьера: Составление резюме, Тайм-менеджмент, Менеджмент Стейкхолдеров, Карьерное консультирование"
28499,volodindm,https://solvery.io/ru/mentor/volodindm,Дмитрий Володин,Старший Аналитик,Яндекс,Москва,Europe/Moscow,5104,rub,0,5,,"Бизнес аналитика, Python, SQL, Продуктовая аналитика, Прохождение собеседований, Статистика, Аналитика, Аналитика данных, datalens"
7145,alexsei_popov,https://solvery.io/ru/mentor/alexsei_popov,Алексей Попов,Backend Developer,Авито,Москва,Europe/Moscow,5104,rub,6,535,,"Бэкенд, PostgreSQL, Docker, Rabbitmq, Microservices, Go, Redis"
28005,napit_ok,https://solvery.io/ru/mentor/napit_ok,Валентин Борисов,Senior Data Engineer,Wildberries,Москва,Europe/Moscow,5104,rub,0,12,,"Управление проектами, Data Engineering, Системная аналитика, Базы данных, Python, SQL, MVP, Продуктовая аналитика, Docker, BigData, Архитектура процессов, СУБД, Pandas, ClickHouse, Data Warehouse (DWH), Дизайн систем, Аналитика данных, API запросы, Apache Airflow, Jupyter Notebook, BI-системы"
27908,asya_vert,https://solvery.io/ru/mentor/asya_vert,Ася Вертягина,IT-Master,Сбер,Москва,Europe/Moscow,5104,rub,0,4,,"Управление командой, Системная аналитика, Бизнес аналитика, PostgreSQL, REST API, UML диаграммы, Процессы разработки и тестирования, Oracle, Swagger, Управление требованиями, Проектирование интеграций, Системное проектирование, BPMN, Data Warehouse (DWH), BI-системы"
8084,av_shumilin,https://solvery.io/ru/mentor/av_shumilin,Александр Шумилин,Java developer,Альфа-Банк,Москва,Europe/Moscow,5104,rub,2,51,,"Бэкенд, MongoDB, Java, Java SE, Spring Boot, Spring Framework, Spring"
27547,vostelmakh,https://solvery.io/ru/mentor/vostelmakh,Владислав Стельмах,Senior Backend Dev,Tabby,Краснодар,Europe/Moscow,5104,rub,1,19,,"Бэкенд, PHP, Laravel, PostgreSQL, Symfony, Go, Карьера: Поиск работы, Карьера: Составление резюме, Карьерное консультирование"
27387,f1orida,https://solvery.io/ru/mentor/f1orida,Валерий Соколов,Chief Marketing Officer,"Quiz, Please!",Москва,Europe/Moscow,5104,rub,0,1,,"Управление командой, Маркетинг, Управление проектами, Развитие карьеры, Маркетинг: процессы, Стратегическое управление, Карьерное консультирование, Маркетинговая аналитика, B2B-маркетинг, Контент-маркетинг, Маркетинговая коммуникация, Карьера: Linkedin, Карьера: Составление резюме, Карьера: Поиск работы, Маркетинг: анализ конкурентов, PR"
27329,rvbilenko,https://solvery.io/ru/mentor/rvbilenko,Роман Биленко,Senior DevOps,Сбер,Москва ,Europe/Moscow,5104,rub,1,10,,"DevOps, PostgreSQL, Python, Git, Docker, Linux, Ansible, Debian, Cистемное администрирование, Jenkins, CI/CD, GitlabCI, Go, Nginx, ClickHouse, Kubernetes, Helm, Puppet, Prometheus, Grafana, Linux администрирование"
27205,sunwind,https://solvery.io/ru/mentor/sunwind,Алексей Петров,Продуктовый дизайнер,ВКонтакте,Санкт-Петербург,Europe/Moscow,5104,rub,0,1,,"Управление командой, Дизайн, UI, UX, Figma, Дизайн-стратегия, Интерфейсы, UI kit, UX: юзабилити аудит, UX: разработка сценариев, UX: интервью, опросы, анкетирование, UX: разработка концептуального макета, UX: детальный дизайн, UX: настройка процессов в команде"
26369,nat_shain,https://solvery.io/ru/mentor/nat_shain,Наталья Шаварина,Head of legal department,,Москва,Europe/Moscow,5104,rub,0,3,,"Управление командой, Бизнес аналитика, Управление проектами, Управление организационными изменениями, IT риски, Товарные знаки, Фандрейзинг, Доли и опционы в стартапе, Франшизы, Привлечение инвестиции, Персональные данные, Автоматизация документирования"
25830,vbochenin,https://solvery.io/ru/mentor/vbochenin,Владислав Боченин,Senior Software Developer,Siemens,Прага,Europe/Prague,5104,rub,0,0,,"Бэкенд, PostgreSQL, Базы данных, Git, SQL, Производительность, Kotlin, Java, RxJava2, Clean Architecture, REST API, Gradle, Java SE, Docker, Linux, Rabbitmq, Persistence, Spring, Microservices, Spring Boot, Hibernate, Subversion, Структуры данных, OSGI, Maven, TDD, Software Engineering, Groovy, Процессы разработки и тестирования, Spring Framework, Oracle, Gitflow, Алгоритмы, Анализ и поиск решения (bugfix), Паттерны проектирования, Openapi, Kotlin/JS, Cucumber, DDD, GitHub, Software Architecture, Redis, JMeter, GitLab, Prometheus, Grafana, Многопоточность , JUnit"
25520,turkinaalina,https://solvery.io/ru/mentor/turkinaalina,Алина Туркина,СOО b2b-продуктов,Яндекс,Москва,Europe/Moscow,5104,rub,1,56,,"Управление командой, Управление продуктом, Управление проектами, JTBD, MVP, Продуктовая аналитика, Customer Journey Map, Мотивация команды, Customer development, Управление проектным офисом, Управление портфелем проектов, Управление организационными изменениями, Распределённая команда, Управление знаниями в команде, CPO, Управление требованиями, Развитие карьеры, Юнит-экономика, Финансовое моделирование, Продуктовые метрики, Продуктовая стратегия, Стартапы: трекинг, Маркетинг: анализ конкурентов, Тестирование продуктовых гипотез, Маркетинг: сегментация, Коучинг: бизнес-коучинг, Стратегическое планирование, SMART Цели, Развитие soft skills, Переговоры, Бизнес-процессы, Тайм-менеджмент, Ценностное предложение, Финансовый анализ, Спиральная динамика, CJM, Исследование и сегментация ЦА, Сегментация клиентов, Senior Product Manager, Трекшен проектов/стартапов"
24610,anastasia_busenkova,https://solvery.io/ru/mentor/anastasia_busenkova,Анастасия Бусенкова,ex Директор по персоналу / HRD ,Sigmart,Нижний Новгород ,Europe/Moscow,5104,rub,2,5,,"Управление командой, HR, HR: подбор и адаптация, HR: мотивация сотрудников, HR: оценка и аттестация, HR: обучение и развитие, HR: внутренняя коммуникация и корпоративная культура, HR: стратегический HR, HR: формирование команд, HR: аналитика"
5504,aleksandrfilatov777,https://solvery.io/ru/mentor/aleksandrfilatov777,Александр Филатов,"3D моделлер, аниматор ",Iceberg media,Нячанг,Asia/Bangkok,5104,rub,5,29,,"Дизайн, Анимация, Rendering, Freelance, 3д моделирование, 3ds Max, Липсинк, Rigging, Skinning"
16278,io_oleynikov,https://solvery.io/ru/mentor/io_oleynikov,Иван Олейников,Senior System Analyst,Альфа-Банк,Batumi,Asia/Tbilisi,5104,rub,0,53,,"Системная аналитика, Базы данных, REST API, Microservices, Architecture, UML диаграммы, SoapUI, Postman, Software Architecture, Управление требованиями, Проектирование интеграций, Системное проектирование, Управление документацией, Jira, UML, Confluence, User Story, Фасилитация"
24492,subaryan,https://solvery.io/ru/mentor/subaryan,Александр Янчин,Tech Lead,,Дюссельдорф,Europe/Berlin,5104,rub,0,6,,"Бэкенд, Управление продуктом, Фронтенд, HTML, CSS, JavaScript, MongoDB, Java, MVP, Docker, MobX, Spring Boot, Spring Framework, Gitflow, Архитектура процессов, Паттерны проектирования, CTO, Развитие карьеры, Стартапы: продвижение, Стартапы: запуск, Карьера: Релокейт, Нейросети, Headless CMS, Cобеседование на английском языке"
24975,shishkinavictory,https://solvery.io/ru/mentor/shishkinavictory,Виктория Шишкина,Lead Product Manager,Positive technologies,Москва,Europe/Moscow,5104,rub,0,6,,"Управление продуктом, Маркетинг, Управление проектами, JTBD, Прохождение собеседований, Развитие карьеры, Продуктовые метрики, Продуктовая стратегия, Маркетинг: исследования, Тестирование продуктовых гипотез, Карьера: Поиск работы, Карьера: Составление резюме, UX: интервью, опросы, анкетирование, UX: настройка процессов в команде, Маркетинговые исследования, Исследование и сегментация ЦА, Трекшен проектов/стартапов, Управление образовательным продуктом, Маркетинговая коммуникация"
24976,rushan_khab,https://solvery.io/ru/mentor/rushan_khab,Рушан Хабибуллин,"Senior UI/UX Designer, Product Designer",MTS Digital,Казань,Europe/Moscow,5104,rub,3,77,,"Дизайн, UI, UX, Figma, JTBD, Customer Journey Map, Прохождение собеседований, A/B testing, Тестирование продуктовых гипотез, Карьера: Поиск работы, Карьера: Составление резюме, UX: разработка сценариев, UX: интервью, опросы, анкетирование, UX: детальный дизайн, Дизайн систем, UX: тексты, Копирайтинг"
23929,,,Антон Мартыненко,Senior Product Manager,Яндекс,Москва,Europe/Moscow,5104,rub,1,18,,"Управление командой, Управление продуктом, Управление проектами, JTBD, Customer Journey Map, Прохождение собеседований, Юнит-экономика, Продуктовые метрики, Продуктовая стратегия, Стартапы: запуск, Стартапы: трекинг, User Story, Карьера: Составление резюме, UX: интервью, опросы, анкетирование, People management, Переговоры, Анализ конкурентов, Оценка рынка, Исследование и сегментация ЦА"
23723,fah_olga,https://solvery.io/ru/mentor/fah_olga,Ольга Фахразиева,Ведущий менеджер продукта,Авито,Москва,Europe/Moscow,5104,rub,2,43,,"Управление командой, Управление продуктом, Управление проектами, Продуктовая аналитика, Аналитика, Продуктовые метрики, Тестирование продуктовых гипотез, Менеджмент Стейкхолдеров"
23528,ivsushkov,https://solvery.io/ru/mentor/ivsushkov,Иван Сушков,Tech Lead,Авито,Новосибирск,Asia/Krasnoyarsk,5104,rub,2,56,,"Бэкенд, Python, Производительность, REST API, Go, DDD, SQRS, Software Architecture, Clean Architecture, Module architecture, Подбор экспертов"
22904,imvlasov,https://solvery.io/ru/mentor/imvlasov,Игорь Власов,Senior product manager,Яндекс,Москва,Europe/Moscow,5104,rub,19,217,,"Управление командой, Управление продуктом, Управление проектами, Figma, Jira, Финансовое моделирование, Продуктовые метрики, Confluence, Продажи, Менеджмент Стейкхолдеров, OKR, Исследование и сегментация ЦА, Senior Product Manager"
22881,odonata82,https://solvery.io/ru/mentor/odonata82,Татьяна Сущенко,Senior Product Manager,VK,Москва,Europe/Moscow,5104,rub,0,6,,"Управление продуктом, JTBD, MVP, Продуктовая аналитика, Юнит-экономика, Growth hacking, CJM"
22725,naym_e,https://solvery.io/ru/mentor/naym_e,Евгений Науменко,Senior Product Manager,Авито,Москва,Europe/Moscow,5104,rub,3,25,,"Управление командой, Управление продуктом, Маркетинг, UX, MVP, Продуктовая аналитика, Customer Journey Map, Fintech, Customer development, Jira, Slack, Развитие карьеры, Юнит-экономика, Customer experience, Финансовое моделирование, Growth hacking, Продуктовые метрики, Продуктовая стратегия, Публичные выступления, Стартапы: продвижение, Стартапы: запуск, Стартапы: трекинг, Стартапы: инвестиции, Confluence, Lean, Управление ИТ, User Story, Маркетинг: исследования, Маркетинг: анализ конкурентов, Маркетинг: оценка рынка, Тестирование продуктовых гипотез, Маркетинг: сегментация, Карьера: Поиск работы, Карьера: Составление резюме, Карьера: Linkedin, UX: интервью, опросы, анкетирование, People management, Бизнес-процессы, Качество продуктов и услуг, Клиентский Сервис, Аналитика данных, Маркетплейсы, Менеджмент Стейкхолдеров, Ozon, Avito, KPI и OKR, Ценностное предложение"
22512,,,Евгений Скуратов,Руководитель цифрового продукта,Альфа-Банк,Москва,Europe/Moscow,5104,rub,0,2,,"Управление командой, Управление продуктом, Управление проектами, Customer Journey Map, Управление знаниями в команде, Управление требованиями, Маркетинг: анализ конкурентов, Маркетинг: оценка рынка, Тестирование продуктовых гипотез, Стратегическое планирование, SWOT, SMART Цели, Менеджмент Стейкхолдеров, настройка процессов в команде"
22485,g_emelyanov,https://solvery.io/ru/mentor/g_emelyanov,Георгий Емельянов,Product Lead,Тинькофф,Москва,Europe/Moscow,5104,rub,2,10,,"Управление командой, Управление продуктом, Управление проектами, A/B testing, CPO, Развитие карьеры, Юнит-экономика, Продуктовые метрики, Продуктовая стратегия, Публичные выступления, Маркетинг: анализ конкурентов, Тестирование продуктовых гипотез, Стратегическое планирование, OKR"
22322,polina_reyner,https://solvery.io/ru/mentor/polina_reyner,Полина Рейнер,Senior QA Engineer,Vk Tech,Санкт-Петербург,Europe/Moscow,5104,rub,0,3,,"Тестирование, Python, REST API, Docker, Linux, Selenium, Автоматизация тестирования, Jenkins, Функциональное тестирование, Управление знаниями в команде, Публичные выступления, Построение системы менторинга, Управление ИТ, Карьера: Поиск работы, Карьера: Составление резюме, Карьера: Linkedin, Коучинг: целеполагание, Развитие soft skills"
22193,,,Денис Тропин,Co-founder and Cybersecurity expert,SmlSecurity,Екатеринбург,Asia/Yekaterinburg,5104,rub,0,5,,"Управление продуктом, Информационная безопасность, Маркетинг, Подготовка технических докладов, Cистемное администрирование, Прохождение собеседований, Customer development, Техническое задание, WLAN, TCP/IP, Продажи, IT риски, Управление ИТ, IT аудит, Маркетинг: исследования, Тестирование продуктовых гипотез, Карьера: Поиск работы, Коучинг: целеполагание, Стратегическое планирование, Развитие soft skills, Найм команды, Переговоры, Организационная структура, Бизнес-процессы, Эффективность организации, Качество продуктов и услуг, Стратегическое управление, Клиентский Сервис, настройка процессов в команде, Техническая документация, Подбор экспертов"
21799,ilazarev,https://solvery.io/ru/mentor/ilazarev,Иван Лазарев,iOS Lead,Wildberries,Нижний Новгород,Europe/Moscow,5104,rub,0,8,,"Мобильная разработка, REST API, UI kit, iOS, Swift, Xcode, SwiftUI, iOS SDK"
19457,,,Игорь Вахламов,Head of DS,Gazprombank,Москва,Europe/Moscow,5104,rub,1,103,,"Data Science, Управление продуктом, Data Engineering, Базы данных, SQL, Docker, Машинное обучение, BigData, Computer Vision, Алгоритмы, Мотивация команды, NLP, A/B testing, Pytorch, Аналитика, Hadoop, Spark, scikit-learn, Fintech, Kubernetes, Распределённая команда, Карьера: Поиск работы, Карьера: Составление резюме"
19115,kotvaska,https://solvery.io/ru/mentor/kotvaska,Анастасия Золотых,Руководитель команды продуктовой разработки,Магнит,Санкт-Петербург,Europe/Moscow,5104,rub,3,322,,"Мобильная разработка, Базы данных, Clean Architecture, MVP, Firebase, Module architecture, Architecture, Software Engineering, Прохождение собеседований, Паттерны проектирования, iOS, Swift, Xcode, Мотивация команды, Push Notifications, Apple Pay, Publishing Apps, A/B testing, Управление знаниями в команде, Управление требованиями, Карьера: Поиск работы, Карьера: Составление резюме, Карьера: Linkedin, Развитие soft skills, People management"
18251,dariakonokhova,https://solvery.io/ru/mentor/dariakonokhova,Дарья Конохова,"Product manager, Head of Content",Korzinka go,Куала-Лумпур,Asia/Kuala_Lumpur,5104,rub,0,13,,"Управление командой, Управление продуктом, Управление проектами, HTML, CSS, Canvas, Tilda, Логотип, Дизайн-стратегия, Графический дизайн, Customer Journey Map, Network, Прохождение собеседований, Мотивация команды, Customer development, Техническое задание, Управление знаниями в команде, HR: подбор и адаптация, HR: мотивация сотрудников, HR: обучение и развитие, HR: кадровое делопроизводство, HR: стратегический HR, HR: формирование команд, Развитие карьеры, Юнит-экономика, Customer experience, Продуктовые метрики, Продуктовая стратегия, Маркетинг: контент, Публичные выступления, Маркетинг: анализ конкурентов, Тестирование продуктовых гипотез, Маркетинг: сегментация, Карьера: Поиск работы, Карьера: Составление резюме, Коучинг: целеполагание, Miro, UX: анализ конкурентов, UX: разработка концептуального макета, UX: детальный дизайн, Организационная структура, Нейросети, Маркетплейсы, UX: тексты, UX: лендинги, UX: настройка процессов в команде"
17404,kkokurin,https://solvery.io/ru/mentor/kkokurin,Константин Кокурин,Руководитель продуктового направления (Head of product),Diasoft,Москва,Europe/Moscow,5104,rub,0,10,,"Управление командой, Управление продуктом, Бизнес аналитика, UX, JTBD, Userflow, MVP, Scrum, Процессы разработки и тестирования, Мотивация команды, Fintech, Customer development, Техническое задание, Системное проектирование, Customer experience, Продуктовые метрики, Продуктовая стратегия, Качество продуктов и услуг, Масштабирование команды"
10404,novabro,https://solvery.io/ru/mentor/novabro,Никита Белоцерковский,Lead 3d artist ,Last Level,г Москва,Europe/Moscow,5104,rub,5,84,,"Разработка игр, Мобильная разработка, Дизайн, Render, Rendering, 3д моделирование, Blender, HR: оценка и аттестация, Карьера: Поиск работы, Карьера: Составление резюме, Коучинг, Adobe Substance 3D Painter, Zbrush, Marmoset Toolbag, RizomUV, Texture Baking, Hard-Surface"
10048,moskovkina,https://solvery.io/ru/mentor/moskovkina,Анастасия Московкина,Руководитель отдела бизнес и системного анализа,Кошелёк,Санкт-Петербург,Europe/Moscow,5104,rub,0,17,,"Управление командой, Бизнес аналитика, Системная аналитика, MVP, UML диаграммы, Прохождение собеседований, Мотивация команды, BABOK, Техническое задание, Управление знаниями в команде, HR: подбор и адаптация, HR: мотивация сотрудников, HR: оценка и аттестация, HR: обучение и развитие, HR: формирование команд, Управление требованиями, Управление документацией, Публичные выступления, BPMN, UML, Confluence, Построение системы менторинга, Концепция и границы, Маркетинг: анализ конкурентов, Карьера: Составление резюме, Mind Map, Notion, SWOT, Miro, UX: анализ конкурентов, UX: интервью, опросы, анкетирование, People management, Бизнес-процессы, Тайм-менеджмент"
8875,dimocrat,https://solvery.io/ru/mentor/dimocrat,Дмитрий Ли,Head of iOS development,Medlinx,Санкт-Петербург,Europe/Moscow,5104,rub,1,2,,"Мобильная разработка, iOS, Swift, Git, REST API, MVP, MVVM, Прохождение собеседований, Viper, Xcode, Unit Tests, Clean Architecture"
7996,anna_bazanova,https://solvery.io/ru/mentor/anna_bazanova,Анна Базанова,"Директор по маркетингу и продукту, стратег, архитектор воронок",Маркетинговое агентство lead,Нижний Новгород,Europe/Kaliningrad,5104,rub,0,4,,"Управление командой, Маркетинг, Управление проектами, Canvas, Tilda, MVP, Customer development, Slack, Маркетинг: стратегия, Маркетинг: процессы, Маркетинг: контент, Продажи, EdTech, Маркетинг: исследования, Маркетинг: анализ конкурентов, Маркетинг: оценка рынка, Тестирование продуктовых гипотез, Маркетинг: сегментация, Email Маркетинг, Маркетинговый аудит, Trello, Miro, Бизнес-процессы, Карьерное консультирование, Анализ конкурентов, Инфлюенс маркетинг, Оценка рынка, Развитие личного бренда, Исследование и сегментация ЦА, Event-маркетинг , Маркетинговая аналитика, B2B-маркетинг, Сегментация клиентов, Работа с блогерами, Проектирование рекламных интеграций, Контент-маркетинг"
6556,pakhomov_ld,https://solvery.io/ru/mentor/pakhomov_ld,Лев Пахомов,Site Reliability Engineer,Vk Tech,Москва,Europe/Moscow,5104,rub,0,74,,"DevOps, Git, Доступность сайтов, Docker, Linux, AWS, Microservices, Прохождение собеседований, CI/CD, Nginx, Kubernetes, Helm, Terraform, bash, GitLab, Prometheus, Grafana, Дизайн систем"
5966,artem_kouznetsov,https://solvery.io/ru/mentor/artem_kouznetsov,Артем Кузнецов,Директор ,Ю-эксперт,Москва,Europe/Moscow,5104,rub,0,1,,"Дизайн, UX, UX: анализ конкурентов, UX: юзабилити аудит, UX: синтез персонажей, UX: разработка сценариев, UX: интервью, опросы, анкетирование, UX: карточная сортировка , UX: разработка концептуального макета, UX: детальный дизайн"
5645,alsm,https://solvery.io/ru/mentor/alsm,Александр Смирнов,Chief Product Owner,Альфа-Банк,Москва,Europe/Moscow,5104,rub,2,11,,"Управление командой, Управление продуктом, Управление проектами, Scrum, Прохождение собеседований, Agile, Управление портфелем проектов, Развитие карьеры, Продуктовые метрики, Продуктовая стратегия, B2B-продажи, Управление ИТ, Тестирование продуктовых гипотез, CRM Маркетинг, Waterfall, Бизнес-процессы"
5413,sergutov,https://solvery.io/ru/mentor/sergutov,Дмитрий Сергутов,Product Design Manager,Indrive,Лимассол,Asia/Nicosia,5104,rub,0,84,,"Управление командой, Управление продуктом, Дизайн, UI, UX, Типографика, Интерфейсы, Прохождение собеседований, Тестирование продуктовых гипотез"
2171,andrian,https://solvery.io/ru/mentor/andrian,Андриан Бездольный,CPO,iiko,Москва,Europe/Moscow,5108,rub,0,24,,"Управление командой, Управление продуктом, Управление проектами, MVP, Прохождение собеседований, Мотивация команды, Jira, Развитие карьеры, Юнит-экономика, Финансовое моделирование, Продуктовые метрики, Продуктовая стратегия, Стратегическое планирование, Miro, Найм команды, Бизнес-процессы, Маркетплейсы, настройка процессов в команде"
92,alexander_prikhodko,https://solvery.io/ru/mentor/alexander_prikhodko,Александр Приходько,Team Lead / Tech Lead / Lead Frontend Dev,Siren group,Анталья,Europe/Istanbul,5108,rub,21,546,,"Управление командой, Фронтенд, HTML, CSS, JavaScript, SVG, Canvas, Less, Sass, Gulp, Webpack, React, Angular, NgRx, RxJs, TypeScript, UI, SCSS, SASS, Jest, Git, Производительность, Браузеры, Clean Architecture, MVP, БЭМ, Кроссбраузерная оптимизаци, Mobile first, Семантичная вёрстка, Architecture, Перфоманс и скорость загрузки, Прототипное наследование, Автоматизация тестирования, Процессы разработки и тестирования, Прохождение собеседований, Gitflow, Верстка, CI/CD, Паттерны проектирования, Анимации CSS, ESLint, Unit Tests, Frontend Performance, Software Architecture, Nomad, Развитие карьеры, Chrome DevTools, Grunt, Redux, Bootstrap, Node.js"
23273,danyamachine,https://solvery.io/ru/mentor/danyamachine,Даниил Герасименко,Предприниматель,,Алматы,Asia/Almaty,5108,rub,0,0,,"Управление продуктом, Маркетинг, Стартапы: продвижение, Стартапы: запуск"
22032,sidorina_yuliya,https://solvery.io/ru/mentor/sidorina_yuliya,Юлия Сидорина,Mobile QA engineer,Яндекс,Москва,Europe/Moscow,5108,rub,0,3,,"Тестирование, Тест-кейсы, Процессы разработки и тестирования, Прохождение собеседований, Allure, Функциональное тестирование, Развитие карьеры, Тестирование продуктовых гипотез, Качество продуктов и услуг, Техническая документация, API запросы, Kibana, QTest"
9676,levlevitsky,https://solvery.io/ru/mentor/levlevitsky,Лев Левицкий,Senior Product Manager,INVITRO,Москва,Europe/Moscow,5108,rub,38,142,,"Управление продуктом, Бизнес аналитика, Управление проектами, JTBD, SQL, Продуктовая аналитика, Customer Journey Map, A/B testing, Customer development, Продуктовые метрики, Продуктовая стратегия, Тестирование продуктовых гипотез, Карьера: Поиск работы, Карьера: Составление резюме, Коучинг"
4747,igorrrain,https://solvery.io/ru/mentor/igorrrain,Игорь Николаев,Team. lead (+ Full-stack),Dodo,Москва,Europe/Moscow,5108,rub,0,128,,"Бэкенд, Управление командой, Управление продуктом, Базы данных, C#, Git, Продуктовая аналитика, Docker, Rabbitmq, MySQL, ASP.NET Core, Автоматизация тестирования, Тест-кейсы, Процессы разработки и тестирования, .NET core, Gitflow, Entity Framework, Алгоритмы, CI/CD, Системное программирование, Мотивация команды, GitHub, Nginx, Системное проектирование, Продуктовые метрики, Продуктовая стратегия, Тестирование продуктовых гипотез, People management, Найм команды"
7891,michael_martynov,https://solvery.io/ru/mentor/michael_martynov,Михаил Мартынов,Менеджер по оптимизации процессов,Тинькофф,Казань,Europe/Moscow,5109,rub,0,9,,"Управление командой, Управление продуктом, Управление проектами, Kanban, Scrum, Процессы разработки и тестирования, Мотивация команды, Управление проектным офисом, Управление портфелем проектов, Управление организационными изменениями, Распределённая команда, Управление знаниями в команде, Управление требованиями, Менеджмент 3.0, Развитие карьеры, Публичные выступления, Построение системы менторинга, Коучинг, Коучинг: бизнес-коучинг, Коучинг: целеполагание, Стратегическое планирование, Waterfall, Развитие soft skills, People management, Тайм-менеджмент, Эффективность организации, Качество продуктов и услуг, Стратегическое управление, Фасилитация, OKR, настройка процессов в команде"
23418,ejiek,https://solvery.io/ru/mentor/ejiek,Владислав Петров,IT Консультант | ex CTO Умскул & cs.money,,Санкт-Петербург,Europe/Moscow,5109,rub,0,0,,"DevOps, Управление командой, Управление продуктом, Rust, Процессы разработки и тестирования, Управление организационными изменениями, Управление ИТ, Стратегическое планирование, Найм команды, настройка процессов в команде, Карьерное консультирование"
27525,sqreder,https://solvery.io/ru/mentor/sqreder,Андрей Поповский,Frontend Tech Lead,Иннотех,Санкт-Петербург,Europe/Moscow,5109,rub,0,17,,"Фронтенд, HTML, CSS, JavaScript, Webpack, Rollup, React, Redux, TypeScript, UI, UX, Jest, Семантичная вёрстка, CI, CI/CD, ESLint, Unit Tests, Vitest, Vite "
25618,victor_repnikov,https://solvery.io/ru/mentor/victor_repnikov,Виктор Репников,Project Manager,Синара Лаб,Екатеринбург,Asia/Yekaterinburg,5109,rub,0,0,,"Управление командой, Управление проектами, Системная аналитика, MVP, Kanban, Scrum, Процессы разработки и тестирования, Мотивация команды, Управление портфелем проектов, Распределённая команда, Публичные выступления, Теория ограничений, User Story, Развитие soft skills, Переговоры, Бизнес-процессы, Тайм-менеджмент, Эффективность организации, Фасилитация, настройка процессов в команде, продюсирование мероприятий в IT "
25386,aleksandesign,https://solvery.io/ru/mentor/aleksandesign,Александр Букин,Design Lead,Магнит,Москва,Europe/Moscow,5109,rub,1,15,,"Управление командой, Дизайн, UX: детальный дизайн"
24439,denis_sitnikov,https://solvery.io/ru/mentor/denis_sitnikov,Денис Ситников,Head of Corporate IT,Brainrocket,Лимассол,Europe/Athens,5109,rub,0,17,,"Управление командой, Бизнес аналитика, Управление проектами, Подготовка технических докладов, Kanban, Scrum, Прохождение собеседований, Azure cloud, Мотивация команды, Аналитика, Управление проектным офисом, Управление портфелем проектов, Управление организационными изменениями, Распределённая команда, Управление знаниями в команде, Управление требованиями, Jira, Confluence, IT риски, Управление ИТ, Карьера: Поиск работы, Карьера: Составление резюме, Карьера: Linkedin, Карьера: Релокейт, SMART Цели, Развитие soft skills, People management, Найм команды, Переговоры, Организационная структура, Бизнес-процессы, Тайм-менеджмент, Кейс-менеджмент, настройка процессов в команде, Жесткие переговоры, Карьерное консультирование, Релокация, Развитие личного бренда, Cобеседование на английском языке, Трудоустройство в зарубежные компании, Linkedin, Коммуникационная стратегия"
23679,andreygraf,https://solvery.io/ru/mentor/andreygraf,Андрей Граф,Карьерный консультант,,Висбаден,Europe/Berlin,5109,rub,0,0,,"Управление командой, Управление продуктом, Управление проектами, Прохождение собеседований, Управление портфелем проектов, Развитие карьеры, Карьера: Поиск работы, Карьера: Составление резюме, Стратегическое управление, Карьерное консультирование"
17526,tyurin23,https://solvery.io/ru/mentor/tyurin23,Юрий Тюрин,CTO,Мд аудит,Москва,Europe/Moscow,5109,rub,0,24,,"DevOps, Управление командой, Бэкенд, Дизайн систем, Масштабирование команды, Найм команды, People management, Развитие soft skills, CTO, Helm, Kubernetes, NoSQL, Redis, Yandex.Cloud, ClickHouse, Software Architecture, Nginx, Мотивация команды, Postman, REST-assured, СУБД, CI/CD, Java EE, Spring Framework, Прохождение собеседований, Процессы разработки и тестирования, Автоматизация тестирования, Software Engineering, Hibernate, Spring Boot, Microservices, Rabbitmq, Docker, Linux, REST API, Java, Kotlin, Git, PostgreSQL, Python, Базы данных, TypeScript"
17361,dmitry_bukhensky,https://solvery.io/ru/mentor/dmitry_bukhensky,Дима Бухенский,"Senior Project Manager, Scrum Master",Kanda software,Сан-Франциско,America/Denver,5109,rub,0,26,,"Управление командой, Управление продуктом, Управление проектами, Kanban, Scrum, Прохождение собеседований, Мотивация команды, Управление проектным офисом, Управление портфелем проектов, Управление организационными изменениями, Распределённая команда, Управление знаниями в команде, Развитие карьеры, Карьера: Составление резюме, Развитие soft skills, People management, Организационная структура, Тайм-менеджмент"
16354,gpogrebnyak,https://solvery.io/ru/mentor/gpogrebnyak,Жора Погребняк,Head of Communication Design,2gis,Астана,Asia/Almaty,5109,rub,6,6,,"Управление командой, Дизайн, Мотивация команды, HR: подбор и адаптация, HR: оценка и аттестация, HR: обучение и развитие, Развитие карьеры, Найм команды"
9957,blackgraf,https://solvery.io/ru/mentor/blackgraf,Александр Чернышов,Product Owner,Softline,Москва,Europe/Moscow,5109,rub,0,0,,"Управление командой, Управление продуктом, Управление проектами, MVP, Customer development, Юнит-экономика, Growth hacking, Продуктовая стратегия, Стартапы: продвижение, Стартапы: запуск, Стартапы: трекинг, Стартапы: инвестиции, Lean, EdTech, Стратегическое планирование, Развитие soft skills, People management, Стратегическое управление, Low-code, No-code"
6771,tark,https://solvery.io/ru/mentor/tark,Евгений Тараканов,Producer ,Eschatology entertainment,Ереван,Asia/Yerevan,5109,rub,2,28,,"Разработка игр, Управление продуктом, Управление проектами, Прохождение собеседований, Распределённая команда, Управление знаниями в команде, Развитие карьеры, Продуктовые метрики, Продуктовая стратегия, EdTech, Тестирование продуктовых гипотез, Коучинг, Стратегическое планирование, SWOT"
29289,akim,https://solvery.io/ru/mentor/akim,Аким Вишневский,Tech & Digital Manager,"Axenix (ex-accenture), it-консалтинг",Москва,Europe/Moscow,5200,rub,0,0,,"Управление проектами, Управление продуктом, Управление командой, Architecture, Архитектура процессов, Стратегическое управление, Карьерное консультирование, Анализ конкурентов"
26311,,,Елена Москвитина,Бренд директор,независимый консультант,Воронеж,Europe/Moscow,5249,rub,2,30,,"Маркетинг, Системная аналитика, Бизнес аналитика, Фирменный стиль, Продуктовая аналитика, Статистика, Аналитика, Яндекс Метрика, Юнит-экономика, Маркетинг: стратегия, Маркетинг: процессы, Маркетинг: найм, Маркетинг: исследования, Маркетинг: сегментация, Таргетированная реклама: VK, Маркетплейсы, ChatGPT, smm, Карьерное консультирование, Бренд-менеджмент, Инфлюенс маркетинг, Оценка рынка, Развитие личного бренда, Исследование и сегментация ЦА, Программы лояльности, Позиционирование на рынке, Маркетинговая аналитика, B2B-маркетинг, Сегментация клиентов, Контент-маркетинг, Яндекс Директ, Маркетинговая коммуникация, Коммуникационная стратегия, Использование ИИ, Упаковка проекта"
25536,ilnaz,https://solvery.io/ru/mentor/ilnaz,Ильназ Гатауллин,Технический руководитель центра мониторинга и реагирования на инциденты информационной безопасности(SOC),Red Security,казань,Europe/Moscow,5249,rub,15,119,,"Управление командой, Информационная безопасность, Аналитика, Пентест, Анализ защищенности, Карьера: Поиск работы, Карьера: Составление резюме, Найм команды, Карьерное консультирование, SOC, DFIR, SIEM, IRP, Расследование инцидентов ИБ, Разработка sigma правил, Sysmon, Auditd"
2703,egorbarabanov,https://solvery.io/ru/mentor/egorbarabanov,Егор Барабанов,Лидер бизнес-линии,Точка банк,Екатеринбург,Asia/Yekaterinburg,5395,rub,0,1,,"Управление продуктом, Бизнес аналитика, Управление проектами, JTBD, MVP, Продуктовая аналитика, Customer Journey Map, Прохождение собеседований, A/B testing, Customer development, Agile, Управление проектным офисом, Юнит-экономика, Customer experience, Финансовое моделирование, Growth hacking, Продуктовые метрики, Продуктовая стратегия"
25031,oscar,https://solvery.io/ru/mentor/oscar,Оскар Люмьер,Head of Studio & Technical Artist,Tessermind,London,Europe/London,5395,rub,0,11,,"Разработка игр, Маркетинг, Управление проектами, Производительность, Material Design, Анимация, VFX, Unreal Engine, HLSL, Привлечение инвестиции"
25100,ars_shaba,https://solvery.io/ru/mentor/ars_shaba,Арсений Шабанов,Senior Communication designer,Контур,Екатеринбург,Asia/Yekaterinburg,5432,rub,0,40,,"Управление командой, Дизайн, Управление проектами, Tilda, Логотип, Типографика, Figma, Анимация, After Effects, Айдентика, Фирменный стиль, Дизайн-стратегия, Графический дизайн, Интерфейсы, Техническое задание, Управление знаниями в команде, Развитие карьеры, Дизайн Система, Карьера: Поиск работы, Карьера: Составление резюме, Стратегическое планирование, Развитие soft skills, Бизнес-процессы, Дизайн систем, лендинги, настройка процессов в команде, Прототипирование, Карьерное консультирование, Исследование и сегментация ЦА"
27528,ilya_shifrin,https://solvery.io/ru/mentor/ilya_shifrin,Илья Шифрин,Product manager,Uzum Market,Москва,Europe/Moscow,5541,rub,0,0,,"Управление продуктом, SQL, Продуктовая аналитика, Senior Product Manager, Карьера: Поиск работы, Карьера: Составление резюме, Развитие карьеры"
9333,eugene_e,https://solvery.io/ru/mentor/eugene_e,Евгений Евстафьев,Software Developer,University of cambridge,Cambridge,Europe/London,5541,rub,0,16,,"Бэкенд, Data Engineering, Системная аналитика, JavaScript, SVG, PHP, PostgreSQL, Python, Git, SQL, REST API, Продуктовая аналитика, Tensorflow, Architecture, BigData, QlikView, Qlik Sense, ETL, Подготовка технических докладов, MySQL, Django, Django REST framework, jQuery, Классификация изображений, Flask, UML диаграммы, Software Engineering, Selenium, GitHub, Numpy, Pandas, Software Architecture, HR: подбор и адаптация, HR: мотивация сотрудников, HR: стратегический HR, Системное проектирование, Развитие карьеры, UML, Карьера: Составление резюме, Карьера: Linkedin, Карьера: Релокейт, GitLab, Найм команды"
25523,resistans88,https://solvery.io/ru/mentor/resistans88,Евгений Лобанов,Senior Product Manager,Fura,Москва,Europe/Budapest,5687,rub,0,9,,"Мобильная разработка, Управление командой, Управление продуктом, UX, Scrum, Тест-кейсы, A/B testing, Agile, Управление требованиями, Продуктовые метрики, Продуктовая стратегия, Lean, People management, Найм команды, Организационная структура, Клиентский Сервис, Менеджмент Стейкхолдеров, OKR, CJM, B2B-маркетинг, Senior Product Manager, Управление образовательным продуктом, ERP, Customer development, JTBD, User Story, Юнит-экономика"
25240,gleb_drozdov,https://solvery.io/ru/mentor/gleb_drozdov,Глеб Дроздов,Senior AI Engineer,Zencoder,Ереван,Asia/Yerevan,5831,rub,1,60,,"Бэкенд, Управление командой, Data Science, Python, Kotlin, Java, Машинное обучение, NLP, Нейросети"
966,EvgrDan,https://solvery.io/ru/mentor/EvgrDan,Данила Евграфов,"CTO, ведущий разработчик",Zvonobot,Пермь,Asia/Yekaterinburg,5833,rub,1,78,,"Бэкенд, Управление командой, Python, Ubuntu, Ansible, Architecture, Scrum, CTO, Zabbix, Asterisk"
108,sergeytovarov,https://solvery.io/ru/mentor/sergeytovarov,Серёжа Попов,Head of Product,Skillaz,Санкт-Петербург,Europe/Moscow,5833,rub,1,8,,"Управление командой, Управление продуктом, Управление проектами, JTBD, Прохождение собеседований, Customer development, Продуктовые метрики, Продуктовая стратегия, Публичные выступления, Карьера: Поиск работы, Карьера: Составление резюме, Карьерное консультирование"
2291,matvey_seregin,https://solvery.io/ru/mentor/matvey_seregin,Матвей Серегин,Системный архитектор сервиса 1С:БухОбслуживание,,Архангельск,Europe/Moscow,5833,rub,0,47,,"Управление командой, Управление продуктом, 1C, Процессы разработки и тестирования, Разработка на 1C, Разработка в 1C:EDT, 1С Запросы и СКД"
3296,ilya,https://solvery.io/ru/mentor/ilya,Илья Афанасьев,Директор по развитию ,ГК РТК,Санкт-Петербург,Europe/Moscow,5833,rub,0,5,,"Управление командой, Маркетинг, Продажи, Активные продажи, B2B-продажи, Переговоры, Ценностное предложение, Жесткие переговоры, Позиционирование на рынке, Коммерческое предложение, Построение отдела продаж"
3716,pavel_martynov,https://solvery.io/ru/mentor/pavel_martynov,Павел Мартынов,Старший продуктовый дизайнер,Сберздоровье,Москва,Europe/Moscow,5833,rub,13,136,,"Дизайн, UI, UX, Типографика, Figma, Userflow, Material Design, Интерфейсы, Customer Journey Map, UI kit, Прохождение собеседований, Паттерны проектирования, Fintech, Customer development, Развитие карьеры, Customer experience, Продуктовые метрики, Публичные выступления, UX: разработка сценариев, Продуктовый дизайн"
2140,korolev_pavel,https://solvery.io/ru/mentor/korolev_pavel,Павел Королев,Технический архитектор,KORUS Consulting,Воронеж,Europe/Moscow,5833,rub,26,357,,"Бэкенд, 1C, REST API, Прохождение собеседований, Анализ и поиск решения (bugfix), Разработка на 1C, Кластер серверов 1С, Администрирование 1С, 1С Запросы и СКД, 1С:ERP, 1С:УХ (Управление Холдингом), 1С:УТ (Управление Торговлей), 1С:КА (комплексная автоматизация), 1С:УНФ (Управление Нашей Фирмой), 1С:ДО (Документооборот)"
758,dtk,https://solvery.io/ru/mentor/dtk,Кирилл Шмидт,Product analyst teamlead,Wrike,Прага,Europe/Belgrade,5833,rub,0,23,,"Data Science, Управление продуктом, Маркетинг, Базы данных, Python, SQL, Продуктовая аналитика, ETL, Прохождение собеседований, Статистика, Classification, Clustering, A/B testing, Аналитика, Numpy, Pandas"
3279,etretyakov,https://solvery.io/ru/mentor/etretyakov,Евгений Третьяков,Ведущий разработчик,"Ооо ""облачные технологии""",Москва,Europe/Moscow,5833,rub,0,105,,"Бэкенд, Data Science, Data Engineering, PostgreSQL, Python, Docker, BigData, Go, Redis, NoSQL, FastAPI, SQLAlchemy"
2518,aleksandr_borisov,https://solvery.io/ru/mentor/aleksandr_borisov,Александр Борисов,Руководитель подгруппы разработки финансового учета,Ozon,Ростов-на-Дону,Europe/Moscow,5833,rub,3,47,,"1C, Git, Архитектура процессов, Разработка на 1C, Разработка в 1C:EDT, 1С Запросы и СКД, 1С:ERP, 1С:УХ (Управление Холдингом), 1С:КА (комплексная автоматизация), 1С:БП (Бухгалтерия Предприятия), 1С:ЗУП (Зарплата и Управление Персоналом), Проектирование интеграций, 1С"
10770,valeria_kruchinina,https://solvery.io/ru/mentor/valeria_kruchinina,Валерия Кручинина,AI Product Manager,,Москва,Europe/Moscow,5833,rub,1,12,,"Управление продуктом, Маркетинг, Customer Journey Map, Customer development, Продуктовая стратегия, ИИ/AI, Low-code, No-code, Исследование и сегментация ЦА, Маркетинговые исследования, Сегментация клиентов"
29199,pavelroevdigital,https://solvery.io/ru/mentor/pavelroevdigital,Павел Роев,"Перфоманс-маркетолог, платный трафик и воронки (ex. Skyeng)",EdTech проекты,Санкт-Петербург,Europe/Moscow,5833,rub,0,0,,"Маркетинг, Продуктовые метрики, Маркетинг: стратегия, Маркетинг: анализ конкурентов, Таргетированная реклама: VK, Таргетированная реклама: Facebook, Таргетированная реклама: Instagram, Event-маркетинг , Контент-маркетинг"
6149,akazakova,https://solvery.io/ru/mentor/akazakova,Анастасия Казакова,"Командный коуч, фасилитатор",Т-Банк,"Екатеринбург, Москва",Asia/Yekaterinburg,5833,rub,0,0,,"Управление командой, Мотивация команды, Управление организационными изменениями, Распределённая команда, HR: обучение и развитие, HR: формирование команд, Стратегическое планирование, Фасилитация"
24725,iamiljanaumenko,https://solvery.io/ru/mentor/iamiljanaumenko,"Илья Науменко, Certified PMP",IT Project Manager,COLVIR,Санкт-Петербург,Europe/Moscow,5833,rub,0,5,,"Управление командой, Управление проектами, Kanban, Scrum, Мотивация команды, Управление организационными изменениями, Распределённая команда, Управление требованиями, Развитие карьеры, BPMN, Карьера: Составление резюме, Карьера: Linkedin, Waterfall, SWOT, SMART Цели, People management, Бизнес-процессы, Менеджмент Стейкхолдеров"
28936,aleks_radomskiy,https://solvery.io/ru/mentor/aleks_radomskiy,Aлексей Радомский,Team Lead | iOS Developer,Wildberries,Москва,Europe/Moscow,5833,rub,0,0,,"Мобильная разработка, Git, UI kit, Software Engineering, Прохождение собеседований, iOS, Swift, Xcode, Software Architecture, Viper, MVVM, Карьера: Поиск работы, Карьера: Составление резюме, Многопоточность , SwiftUI, API запросы"
28800,kruniq,https://solvery.io/ru/mentor/kruniq,Николай Крутовской,Team Lead,Авито,Москва,Europe/Moscow,5833,rub,0,0,,"Бэкенд, Управление командой, Перфоманс и скорость загрузки, Мотивация команды, Управление знаниями в команде, Развитие карьеры, SMART Цели, Найм команды, настройка процессов в команде, Карьерное консультирование, Модерация"
19456,stasdzhu,https://solvery.io/ru/mentor/stasdzhu,Станислав Джу,"Ведущий продакт-менеджер в VK Video (ex. product «Яндекс 360»), ментор Go Practice",ВКонтакте,Москва,Europe/Moscow,5833,rub,2,37,,"Управление командой, Управление продуктом, Управление проектами, MVP, Продуктовая аналитика, Customer Journey Map, Scrum, Прохождение собеседований, Agile, Развитие карьеры, Продуктовые метрики, Продуктовая стратегия, Управление ИТ, Тестирование продуктовых гипотез, Карьера: Поиск работы, Карьера: Составление резюме, Карьера: Linkedin, Развитие soft skills, настройка процессов в команде, Delivery managment, Анализ конкурентов, Развитие личного бренда"
7072,tanya_seomentor,https://solvery.io/ru/mentor/tanya_seomentor,Татьяна Железнова,Директор по интернет-маркетингу,Клевер про,Краснодар,Europe/Moscow,5833,rub,2,36,,"Бизнес аналитика, Маркетинг, Управление проектами, HTML, CSS, Аналитика, SEO, Юнит-экономика, Маркетинг: стратегия, Маркетинг: контент, Маркетинг: исследования, Маркетинг: анализ конкурентов, Маркетинг: сегментация, Маркетинговый аудит, UX: юзабилити аудит, Прототипирование, Стратегический маркетинг, Маркетинговая аналитика, Проектирование рекламных интеграций, Маркетинговая коммуникация, Яндекс Директ, Яндекс Метрика"
24207,hieromonk,https://solvery.io/ru/mentor/hieromonk,Максим Коробейников,Начальник управления,Gazprombank,Рязань,Europe/Moscow,5833,rub,1,3,,"DevOps, Бэкенд, Управление командой, Java, Spring, Microservices, Architecture, Перфоманс и скорость загрузки, Scrum, Процессы разработки и тестирования, CI/CD, Мотивация команды, Fintech, Agile, Управление организационными изменениями, Управление знаниями в команде, Управление ИТ, Организационная структура, Использование ИИ"
5190,,,Константин Горобцов,Наставник продаж/построение сильных команд,,Екатеринбург,Asia/Yekaterinburg,5833,rub,0,62,,"Управление командой, Управление проектами, HR, Мотивация команды, HR: подбор и адаптация, HR: обучение и развитие, Продажи, Активные продажи, B2B-продажи, Маркетинг: анализ конкурентов"
28482,germanzhukov,https://solvery.io/ru/mentor/germanzhukov,Герман Жуков,Chief product officer,ex. Halsa,Екатеринбург,Asia/Yekaterinburg,5833,rub,0,0,,"Управление командой, Управление продуктом, Управление проектами, JTBD, Userflow, Продуктовые метрики, Продуктовая стратегия, User Story, Тестирование продуктовых гипотез, Стратегическое планирование"
25780,veta,https://solvery.io/ru/mentor/veta,Светлана Дейнека,Собственник (заказная разработка),,Москва,Europe/Samara,5833,rub,0,0,,"Управление командой, Управление продуктом, Управление проектами, Fintech, Юнит-экономика, Продуктовые метрики, Продуктовая стратегия, Стартапы: продвижение, Стартапы: запуск, Стартапы: трекинг, Тестирование продуктовых гипотез, Коучинг: бизнес-коучинг, Коучинг: целеполагание, People management, Бизнес-процессы, Масштабирование команды, Менеджмент Стейкхолдеров, KPI и OKR, Ценностное предложение, Трекшен проектов/стартапов"
26578,,,Ольга Пиценко,"Карьерный стратег, ex-Big4",,Порту,Europe/Lisbon,5833,rub,0,0,,"Управление командой, Управление проектами, HR, HR: мотивация сотрудников, Построение системы менторинга, Карьерное консультирование"
3883,ilya_shvyryalkin,https://solvery.io/ru/mentor/ilya_shvyryalkin,Илья Швырялкин,Lead Software Engineer,SEMrush,Rotterdam,Europe/Amsterdam,5833,rub,0,40,,"DevOps, Бэкенд, Управление командой, JavaScript, Node.js, PostgreSQL, Rust, Git, SQL, Docker, Linux, Ansible, Структуры данных, Cистемное администрирование, Алгоритмы, CI/CD, Системное программирование, Go, ClickHouse, Terraform, bash, Найм команды, Prometheus, Дизайн систем, Си"
8244,lapin_dv,https://solvery.io/ru/mentor/lapin_dv,Дмитрий Лапин,Lead DS Product Manager,Авито,Белград,Europe/Belgrade,5833,rub,0,14,,"Управление командой, Data Science, Управление продуктом, Развитие карьеры, Продуктовые метрики, Продуктовая стратегия, Стартапы: запуск, Стартапы: трекинг, Тестирование продуктовых гипотез, Карьера: Поиск работы, Карьера: Составление резюме, Аналитика данных"
26248,,,Филипп Лосев,Senior HR Business Partner,AppMagic Inc.,Лиссабон,Europe/Lisbon,5833,rub,0,3,,"Управление командой, HR, People management, настройка процессов в команде, Карьерное консультирование, HR: подбор и адаптация, HR: мотивация сотрудников, HR: внутренняя коммуникация и корпоративная культура, HR: стратегический HR, Прохождение собеседований, Карьера: Составление резюме, Карьера: Поиск работы"
9741,svetlana_ignatenko,https://solvery.io/ru/mentor/svetlana_ignatenko,Светлана Игнатенко,HR Director,Alawar,Новосибирск,Asia/Krasnoyarsk,5833,rub,2,56,,"Разработка игр, Управление командой, HR, Прохождение собеседований, HR: подбор и адаптация, HR: оценка и аттестация, HR: обучение и развитие, HR: внутренняя коммуникация и корпоративная культура, HR: стратегический HR, HR: формирование команд, Карьера: Поиск работы, Карьера: Составление резюме, Карьера: Linkedin, Коучинг, Коучинг: лайф-коучинг, Коучинг: бизнес-коучинг, Коучинг: целеполагание, SMART Цели, Развитие soft skills, People management, Найм команды"
25899,elizaveta_gosteva,https://solvery.io/ru/mentor/elizaveta_gosteva,Елизавета Гостева,"Руководитель команды аналитики, коуч ICF",,Москва,Asia/Bangkok,5833,rub,0,0,,"Управление командой, Продуктовая аналитика, Прохождение собеседований, Мотивация команды, Аналитика, Распределённая команда, Управление знаниями в команде, HR: формирование команд, Развитие карьеры, Карьера: Поиск работы, Карьера: Составление резюме, Коучинг, Коучинг: лайф-коучинг, Коучинг: целеполагание, SMART Цели, Развитие soft skills, People management, Найм команды, Тайм-менеджмент, Аналитика данных, настройка процессов в команде, Карьерное консультирование"
23419,gladozya,https://solvery.io/ru/mentor/gladozya,Юрий Сапожков,QA,Авито,Екатеринбург,Asia/Yekaterinburg,5833,rub,0,13,,"Тестирование, Управление проектами, TypeScript, Swift, Playwright, XCUITest, Развитие карьеры, Карьера: Составление резюме, Карьера: Поиск работы, Карьерное консультирование, Прохождение собеседований, настройка процессов в команде, Автоматизация тестирования, Функциональное тестирование"
27652,om_dev,https://solvery.io/ru/mentor/om_dev,Олег Мифле,Руководитель команды разработки,Т-Банк,Санкт-Петербург,Europe/Moscow,5833,rub,0,1,,"Бэкенд, Управление командой, PHP, PostgreSQL, MySQL, Процессы разработки и тестирования, Управление организационными изменениями, Системное проектирование, Построение системы менторинга"
27673,strangellet,https://solvery.io/ru/mentor/strangellet,Екатерина Гребенюк,Арт директор (3D и ИИ),Яндекс,Москва,Europe/Moscow,5833,rub,0,7,,"Дизайн, Графический дизайн, Карьера: Составление резюме, Нейросети, ИИ/AI, Использование ИИ"
27610,caligonox,https://solvery.io/ru/mentor/caligonox,Daniel Kotelnikov,Team Lead,Sberbank,Москва,Europe/Moscow,5833,rub,0,1,,"DevOps, Бэкенд, Управление командой, Python, Go, Управление ИТ, Дизайн Система, Развитие soft skills"
8840,yulia_logunova,https://solvery.io/ru/mentor/yulia_logunova,Юлия Логунова,Юлия Логунова - карьерный консультант для IT-соискателей Резюме и стратегия поиска работы в текущем рынке,,Санкт-Петербург ,Europe/Moscow,5833,rub,3,36,,"Управление командой, HR, Прохождение собеседований, Мотивация команды, Управление знаниями в команде, HR: подбор и адаптация, HR: обучение и развитие, HR: формирование команд, HR: аналитика, Развитие карьеры, Карьера: Поиск работы, Карьера: Составление резюме, Карьера: Linkedin, Коучинг, Коучинг: лайф-коучинг, Развитие soft skills, People management, Найм команды, Тайм-менеджмент, Подбор экспертов, Карьерное консультирование, Оценка рынка, HR-бренд, Linkedin"
27550,tdruzhkova,https://solvery.io/ru/mentor/tdruzhkova,Татьяна Дружкова,Founder Исследовательского агентства,Custdevochka,Москва,Europe/Moscow,5833,rub,0,0,,"Управление продуктом, Бизнес аналитика, Маркетинг, UI, UX, Customer Journey Map, Customer development, CEO, Маркетинг: исследования, Трекшен проектов/стартапов, Маркетинговая коммуникация, Использование ИИ"
22003,andrey_torlopov,https://solvery.io/ru/mentor/andrey_torlopov,Андрей То́рлопов,Senior iOS разработчик,,Ухта,Europe/Moscow,5833,rub,0,0,,"Мобильная разработка, Прохождение собеседований, Swift, Xcode, SwiftUI, iOS SDK"
27245,nika,https://solvery.io/ru/mentor/nika,Ника Лукина,CEO,Look in A lab,Москва,Europe/Moscow,5833,rub,0,1,,"Управление командой, Маркетинг, HR, Прохождение собеседований, Развитие карьеры, Маркетинг: стратегия, Маркетинг: процессы, Маркетинг: найм, Маркетинг: контент, Маркетинг: инфлюенс, PR, Публичные выступления, Маркетинг: анализ конкурентов, Маркетинг: персоны, Коучинг, Коучинг: лайф-коучинг, Коучинг: бизнес-коучинг, Коучинг: целеполагание, Стратегическое планирование, Тайм-менеджмент, Нейминг, Брэнд-менеджмент , Карьерное консультирование, Развитие личного бренда, Event-маркетинг , Стратегический маркетинг, Партнерский маркетинг, Позиционирование на рынке, B2B-маркетинг, Работа с блогерами, Копирайтинг, Контент-маркетинг, Подкастинг, HR-бренд, Сторителлинг, Маркетинговая коммуникация, Коммуникационная стратегия, Путь героя , Драматургия , Контент-план"
5119,,,Ольга Семенова,Senior Data Analyst,Ozon Tech ,Москва,Europe/Moscow,5833,rub,0,1,,"Data Science, Python, Git, SQL, Машинное обучение, A/B testing"
25522,vkysniy_pirojok,https://solvery.io/ru/mentor/vkysniy_pirojok,Татьяна Малкова,Senior Frontend Developer,Промсвязьбанк (псб),Санкт-Петербург,Europe/Moscow,5833,rub,0,0,,"Фронтенд, HTML, CSS, JavaScript, React, Angular, RxJs, TypeScript, SCSS, REST API, БЭМ, NgRx"
24593,proger89,https://solvery.io/ru/mentor/proger89,Руслан Купцов,Team Lead/Senior PHP Developer,,Санкт-Петербург,Europe/Istanbul,5833,rub,0,14,,"Бэкенд, Data Science, PHP, Python, Машинное обучение, Tensorflow, Pytorch, scikit-learn, Pandas, SQL, MySQL, MongoDB, ClickHouse, Linux, Rabbitmq, Docker, Laravel, Yii2, Symfony, FastAPI, Go"
23695,lebedev_valery,https://solvery.io/ru/mentor/lebedev_valery,Валерий Лебедев,Senior Backend Engineer,Wildberries,Москва,Europe/Moscow,5833,rub,1,49,,"Бэкенд, Управление командой, SQL, Scrum, Прохождение собеседований, Алгоритмы, Go, Agile, Карьера: Составление резюме"
23129,tessa,https://solvery.io/ru/mentor/tessa,Татьяна Ларшина,"Коуч, ментор ex. HR ",,Лиссабон,Europe/Minsk,5833,rub,0,3,,"Управление командой, HR, HR: подбор и адаптация, HR: мотивация сотрудников, HR: оценка и аттестация, HR: обучение и развитие, HR: внутренняя коммуникация и корпоративная культура, HR: стратегический HR, HR: формирование команд, Jira, Confluence, Коучинг, Коучинг: лайф-коучинг, Коучинг: бизнес-коучинг, Коучинг: целеполагание, SMART Цели, People management, Тайм-менеджмент, Менеджмент 3.0, Развитие карьеры, Управление организационными изменениями"
22985,alexey_kks,https://solvery.io/ru/mentor/alexey_kks,Алексей Куксенок,Карьерный и организационный консультант,самозанятый,Воронеж,Europe/Moscow,5833,rub,0,14,,"Управление командой, Управление проектами, Kanban, Scrum, Прохождение собеседований, Мотивация команды, Управление портфелем проектов, Распределённая команда, Развитие карьеры, Публичные выступления, Управление ИТ, IT аудит, Карьера: Поиск работы, Коучинг, Коучинг: лайф-коучинг, Коучинг: бизнес-коучинг, Коучинг: целеполагание, Waterfall, SMART Цели, Развитие soft skills, People management, Найм команды, Переговоры, Тайм-менеджмент, Фасилитация, Масштабирование команды, Менеджмент Стейкхолдеров, настройка процессов в команде, Delivery managment, Карьерное консультирование, Microsoft Project"
22363,,,Наталья Смуток,Senior IT рекрутер,Тинькофф,Москва,Europe/Moscow,5833,rub,0,11,,"HR, HR: подбор и адаптация"
19994,crypto_mate,https://solvery.io/ru/mentor/crypto_mate,Кирилл Чупров,Engineering team lead,Cambri,Хельсинки,Europe/Helsinki,5833,rub,0,2,,"Бэкенд, Управление командой, Фронтенд, JavaScript, React, Next.Js, Node.js, TypeScript, Firebase, AWS, CD, CI, Процессы разработки и тестирования, Прохождение собеседований, Tailwind, Масштабирование команды, настройка процессов в команде, Recoil, Vitest, Прототипирование, Карьерное консультирование, Релокация, Cобеседование на английском языке, Трудоустройство в зарубежные компании, Доли и опционы в стартапе, Трекшен проектов/стартапов"
18891,alesia_ux,https://solvery.io/ru/mentor/alesia_ux,Alesia UX,Senior Product Designer UX|UI,X5 group,Moscow,Europe/Moscow,5833,rub,9,60,,"Дизайн, Управление проектами, Системная аналитика, Интерфейсы, Продуктовая аналитика, Развитие карьеры"
17426,polya_na_pole,https://solvery.io/ru/mentor/polya_na_pole,Полина Захарова-Щукина,Product Owner,Carrot quest,Пермь,Asia/Yekaterinburg,5833,rub,0,17,,"Управление продуктом, Маркетинг, JTBD, Growth hacking, Продуктовая стратегия, Маркетинг: исследования, Тестирование продуктовых гипотез, Маркетинг: сегментация, CRM Маркетинг, Маркетинговый аудит, UX: лендинги, настройка процессов в команде, Ценностное предложение"
16553,gleb_svechnikov,https://solvery.io/ru/mentor/gleb_svechnikov,Глеб Свечников,Senior Frontend Developer,Infoculture,Тбилиси,Asia/Tbilisi,5833,rub,0,44,,"Фронтенд, HTML, CSS, JavaScript, SVG, React, Next.Js, Nuxt.js, TypeScript, UI, Vue.js, Low-code, Дизайн систем, Directus, Headless CMS, Eleventy, Strapi, Svelte, Дизайн Система"
16410,kabalkins,https://solvery.io/ru/mentor/kabalkins,Анастасия Кабалкина,Head of Design department,Vk Tech,Gijón,America/Port_of_Spain,5833,rub,1,35,,"Дизайн, UI, UX, Figma, JTBD, Userflow, Интерфейсы, Customer Journey Map, Паттерны проектирования, Дизайн Система"
10444,rudman87,https://solvery.io/ru/mentor/rudman87,Евгений Руденко,Cluster Agile Lead Media,Мтс digital,Санкт-Петербург,Europe/Moscow,5833,rub,0,15,,"Управление командой, Управление продуктом, Управление проектами, Less, MVP, Kanban, Scrum, Cистемное администрирование, Тест-кейсы, Мотивация команды, Visualization, Управление проектным офисом, Управление портфелем проектов, Распределённая команда, Управление знаниями в команде, HR: подбор и адаптация, HR: мотивация сотрудников, HR: оценка и аттестация, HR: обучение и развитие, HR: формирование команд, Jira, Развитие карьеры, Публичные выступления, BPMN, Confluence, Lean, IT риски, Управление ИТ, Карьера: Составление резюме, Коучинг, Waterfall, SWOT, SMART Цели, Trello, Miro, Развитие soft skills, People management, Переговоры, Организационная структура, Бизнес-процессы, Тайм-менеджмент, Эффективность организации, Стратегическое управление, Фасилитация, Масштабирование команды, Клиентский Сервис, Менеджмент Стейкхолдеров, OKR, настройка процессов в команде"
10079,pashabond,https://solvery.io/ru/mentor/pashabond,Павел Бондаренко,Системный архитектор,Альфа-Банк,Москва,Europe/Moscow,5833,rub,1,12,,"Системная аналитика, Базы данных, Git, SQL, REST API, UML диаграммы, Прохождение собеседований, SoapUI, Postman, Аналитика, Управление требованиями, Проектирование интеграций, Управление документацией, Jira, UML, Развитие soft skills"
8372,,,Михаил Калабин,Lead 3D Artist at Blacksteinn Ltd.,Blacksteinn ltd.,Санкт - Петербург,Europe/Moscow,5833,rub,0,7,,"Разработка игр, Мобильная разработка, Дизайн, Render, Rendering, CG, Unreal Engine, 3д моделирование, Maya, 3ds Max, HR: подбор и адаптация, HR: оценка и аттестация, HR: обучение и развитие, HR: формирование команд, Развитие карьеры, Карьера: Поиск работы, Карьера: Составление резюме, Коучинг, Adobe Substance 3D Painter, Zbrush, Marmoset Toolbag, RizomUV, Texture Baking, Hard-Surface"
7841,tfsaidov,https://solvery.io/ru/mentor/tfsaidov,Тимур Саидов,Руководитель группы разработки,Т-Банк,Москва,Europe/Moscow,5833,rub,0,6,,"Мобильная разработка, Управление командой, UI, Git, Clean Architecture, Module architecture, Процессы разработки и тестирования, Прохождение собеседований, Паттерны проектирования, iOS, Swift, Viper, MVVM, Многопоточность "
7290,agzamovadasha,https://solvery.io/ru/mentor/agzamovadasha,Дарья Агзамова,Product manager,Яндекс,Екатеринбург,Asia/Yekaterinburg,5833,rub,3,53,,"Управление командой, Управление продуктом, Маркетинг, JTBD, MVP, Айдентика, Фирменный стиль, Упаковка, Дизайн-стратегия, Продуктовая аналитика, Customer Journey Map, Kanban, Scrum, Прохождение собеседований, Мотивация команды, Freelance, A/B testing, Agile, Управление портфелем проектов, Управление организационными изменениями, Распределённая команда, Управление знаниями в команде, Slack, Развитие карьеры, Юнит-экономика, Customer experience, Продуктовые метрики, Продуктовая стратегия, Маркетинг: стратегия, Маркетинг: процессы, Маркетинг: найм, Маркетинг: трекинг, Маркетинг: контент, Стартапы: продвижение, Стартапы: запуск, EdTech, User Story, Маркетинг: исследования, Маркетинг: анализ конкурентов, Маркетинг: оценка рынка, Тестирование продуктовых гипотез, Маркетинг: сегментация"
6775,ilypavlov,https://solvery.io/ru/mentor/ilypavlov,Илья Павлов,Head of Analytics,Aliexpress,Москва,Europe/Moscow,5833,rub,0,13,,"Data Science, Бизнес аналитика, Управление командой, Python, SQL, Продуктовая аналитика, BigData, QlikView, Qlik Sense, Статистика, Classification, Clustering, Sklearn, A/B testing, Аналитика, Numpy"
6314,dmitry_tsepelev,https://solvery.io/ru/mentor/dmitry_tsepelev,Дмитрий Цепелев,Principal Backend Engineer,Uula,Владимир,Europe/Moscow,5833,rub,0,7,,"Бэкенд, Ruby, PostgreSQL, Базы данных, Git, SQL, Продуктовая аналитика, Подготовка технических докладов, TDD, GraphQL, Публичные выступления"
4756,denis_gladkiy,https://solvery.io/ru/mentor/denis_gladkiy,Денис Гладкий,Ведущий инженер-программист,Cadwise,Новосибирск,Asia/Krasnoyarsk,5833,rub,9,301,,"Бэкенд, C#, C++, Java, Rendering, Software Engineering, Процессы разработки и тестирования, Системное программирование, Паттерны проектирования, Шейдеры, OOP, Системное проектирование"
28444,doctor_affla2s,https://solvery.io/ru/mentor/doctor_affla2s,Глеб Литвиненко,Директор по развитию бизнеса,Autocheck.ru,Москва,Europe/Moscow,5978,rub,0,0,,"Управление командой, Бизнес аналитика, Управление проектами, Упаковка, Мотивация команды, Управление проектным офисом, Управление портфелем проектов, Распределённая команда, Менеджмент 3.0, Юнит-экономика, Customer experience, Финансовое моделирование, Growth hacking, Продуктовая стратегия, Маркетинг: стратегия, Маркетинг: процессы, Стартапы: продвижение, Стартапы: запуск, Стартапы: трекинг, Стартапы: инвестиции, Продажи, B2B-продажи, Маркетинг: исследования, Маркетинг: анализ конкурентов, Маркетинг: оценка рынка, Тестирование продуктовых гипотез, Карьера: Релокейт, Коучинг, Стратегическое планирование, SWOT, SMART Цели, Развитие soft skills, People management, Найм команды, Переговоры, Организационная структура, Бизнес-процессы, Децентрализованные организации, Стратегическое управление, Масштабирование команды, настройка процессов в команде, Ценностное предложение, Финансовый анализ, Релокация, Коммерческое предложение, B2B-маркетинг, Фандрейзинг, Доли и опционы в стартапе, Трекшен проектов/стартапов, Франшизы, Привлечение инвестиции, Построение отдела продаж, Коммуникационная стратегия, Запуск стартапов, Упаковка проекта, Венчур, Фандрайзинг, Привлечение инвестиций"
2760,gsemenov,https://solvery.io/ru/mentor/gsemenov,Георгий Семенов,Head of Analytics Engineering,Яндекс,Москва,Europe/Moscow,5999,rub,2,128,,"Data Science, Data Engineering, Управление командой, Python, SQL, Продуктовая аналитика, BigData, Kanban, Прохождение собеседований, Hadoop, Pandas, ИИ/AI"
3115,anton_kulikov,https://solvery.io/ru/mentor/anton_kulikov,Антон Куликов,"Product Manager, Strategy&Growth",FundraiseUp,Валенсия,Europe/Madrid,6000,rub,0,10,,"Управление командой, Управление продуктом, Дизайн, JTBD, Мотивация команды, Customer development, Agile, Управление организационными изменениями, Управление знаниями в команде, Юнит-экономика, Customer experience, Growth hacking, Продуктовые метрики, Продуктовая стратегия"
5464,arina_malevskaia,https://solvery.io/ru/mentor/arina_malevskaia,Арина Малевская,Project manager,,Несебър,Europe/Sofia,6000,rub,0,3,,"Управление командой, Управление проектами, Мотивация команды, Управление проектным офисом, Управление портфелем проектов, Распределённая команда, Управление знаниями в команде, Управление требованиями"
4845,skrimel,https://solvery.io/ru/mentor/skrimel,Павел Бакуров,Технический директор,Duckside games,Москва,Europe/Moscow,6124,rub,5,52,,"Разработка игр, Управление командой, Управление продуктом, PostgreSQL, C#, Unity, HyperCasual, Midcore, Производительность, Clean Architecture, MVP, Firebase, REST API, Google Services, Unity3D, Перфоманс и скорость загрузки, ASP.NET Core, Прохождение собеседований, TeamCity, .NET core, LINQ, Анализ и поиск решения (bugfix), Аналитика"
26708,rtriangle,https://solvery.io/ru/mentor/rtriangle,Даниил Корбут,Applied Scientist | AI Engineer,Amazon,Лондон,Europe/London,6124,rub,0,14,,"Управление командой, Data Science, Python, AWS, Машинное обучение, Tensorflow, Computer Vision, Deep Learning, Структуры данных, Прохождение собеседований, Алгоритмы, NLP, Pytorch, Системное проектирование, large language model (LLM), LLM (large language models), LangChain"
8410,elena_vaulina,https://solvery.io/ru/mentor/elena_vaulina,Елена Ваулина,Руководитель управления аналитики,Itfb,Москва,Europe/Moscow,6124,rub,2,19,,"Управление командой, Бизнес аналитика, Системная аналитика, UX, Продуктовая аналитика, Аналитика, Распределённая команда, Управление требованиями, Проектирование интеграций, Системное проектирование, Управление документацией, Jira, Slack, Развитие карьеры, BPMN, UML, Confluence, IT риски, User Story, Карьера: Составление резюме, Коучинг: бизнес-коучинг, UX: анализ конкурентов, Бизнес-процессы, Технический писатель"
4072,polina_shneider,https://solvery.io/ru/mentor/polina_shneider,Полина Шнайдер,Frontend Engineer,Amazon,Берлин,Europe/Moscow,6124,rub,5,230,,"Фронтенд, HTML, CSS, JavaScript, Webpack, React, Redux, TypeScript, Figma, Git, REST API, Vue.js, GitHub, MAANG"
17795,eil_knight,https://solvery.io/ru/mentor/eil_knight,Виктор Пасенчук,Android Architect,Turing,Паттайя,Asia/Bangkok,6130,rub,0,21,,"Разработка игр, Мобильная разработка, Бэкенд, C#, Python, Unity, Android, Kotlin, Java, Retrofit2, Dagger2, RxJava2, Clean Architecture, REST API, Material Design, Google Services, Custom Views, Gradle, JavaFX, VR, Mobile first, Docker, Django, Django REST framework, Процессы разработки и тестирования, Arduino"
23684,anna_mgln,https://solvery.io/ru/mentor/anna_mgln,Анна Могильникова,"Ментор системных/бизнес-аналитиков | Руководитель аналитики, AI в анализе",Ренессанс страхование,Москва,Europe/Moscow,6130,rub,0,3,,"Управление командой, Бизнес аналитика, Системная аналитика, Прохождение собеседований, Мотивация команды, Аналитика, Управление требованиями, Управление документацией, Развитие карьеры, Публичные выступления, Карьера: Составление резюме, Развитие soft skills, Найм команды, ИИ/AI, Карьерное консультирование, Разработка технической документации, Использование ИИ, AI-анализ"
25799,ilya_artamonov,https://solvery.io/ru/mentor/ilya_artamonov,Илья Артамонов,Senior Product manager,Yandex,Москва,Europe/Moscow,6130,rub,1,8,,"Управление командой, Управление продуктом, Управление проектами, Управление портфелем проектов, Продуктовые метрики, Продуктовая стратегия, Тестирование продуктовых гипотез, Найм команды, Стратегическое управление, B2B-маркетинг, Senior Product Manager"
27401,annakavkaeva,https://solvery.io/ru/mentor/annakavkaeva,Анна Кавкаева,Senior Product marketing manager,Авито,Москва,Europe/Moscow,6132,rub,0,3,,"Маркетинг, Бренд-менеджмент, Стратегический маркетинг, Маркетинговая коммуникация, Маркетинг: стратегия, Маркетинг: анализ конкурентов, Маркетинг: оценка рынка, Маркетинг: сегментация, Маркетинг: персоны, Маркетинговые исследования, Trade маркетинг"
9622,aanedyalkova,https://solvery.io/ru/mentor/aanedyalkova,Анастасия Недялкова,Ведущий UX-исследователь,Авито,Москва,Europe/Moscow,6132,rub,1,8,,"Управление командой, Дизайн, UX: анализ конкурентов, UX: юзабилити аудит, UX: разработка сценариев, UX: интервью, опросы, анкетирование, UX: детальный дизайн"
22714,nikitadergachov,https://solvery.io/ru/mentor/nikitadergachov,Никита Дергачев,Team Lead Golang,Ozon,Евпатория,Europe/Moscow,6248,rub,2,26,,"Бэкенд, Управление командой, Системная аналитика, PHP, Rabbitmq, Microservices, Symfony, Go, DDD, Yii2, Software Architecture, Kubernetes, Системное проектирование, Развитие карьеры, Управление ИТ, Развитие soft skills, Дизайн систем"
6795,vladimir_ermilov,https://solvery.io/ru/mentor/vladimir_ermilov,Владимир Ермилов,Head of Product,Youtalk,Стамбул,Europe/Istanbul,6270,rub,3,23,,"Управление командой, Управление продуктом, HR, Прохождение собеседований, Развитие карьеры, EdTech, Карьера: Поиск работы, Карьера: Составление резюме, Карьера: Linkedin, Карьера: Релокейт"
22665,afetisov,https://solvery.io/ru/mentor/afetisov,Алексей Фетисов,Наставник,Self-employed,Коломна,Europe/Moscow,6270,rub,1,22,,"Бэкенд, Фронтенд, Управление проектами, JavaScript, React, Angular, Ruby, MongoDB, PostgreSQL, Базы данных, Git, SQL, Java, REST API, Java SE, Module architecture, Доступность сайтов, Microservices, Architecture, Перфоманс и скорость загрузки, Vue.js, Kanban, Scrum, Структуры данных, Прототипное наследование, UML диаграммы, Процессы разработки и тестирования, Прохождение собеседований, Архитектура процессов, Системное программирование, Паттерны проектирования, СУБД, Swagger, Cucumber, Аналитика, DDD, Software Architecture, Техническое задание, Распределённая команда, Управление знаниями в команде, Управление требованиями, Системное проектирование, Управление документацией, IT аудит, Бизнес-процессы, Техническая документация"
7949,victorchernogorov,https://solvery.io/ru/mentor/victorchernogorov,Виктор Черногоров,Product manager,Сдэк,Санкт-Петербург,Asia/Tbilisi,6416,rub,0,0,,"Управление командой, Управление продуктом, Управление проектами, Userflow, Customer Journey Map, Прохождение собеседований, HR: подбор и адаптация, HR: мотивация сотрудников, Публичные выступления, Стартапы: запуск, B2B-продажи, FoodTech, UX: анализ конкурентов, Найм команды"
7397,danisvaliev001,https://solvery.io/ru/mentor/danisvaliev001,Данис Валиев,DevOps engineer – Distributed Systems && Cloud && ML && Security,Self-employed,Москва,Europe/Moscow,6416,rub,6,146,,"DevOps, Data Engineering, Network Engineering, Network, Docker, Linux, AWS, CI, CI/CD, GitlabCI, GitHub, Fintech, Yandex.Cloud, Kubernetes, Helm, Terraform, large language model (LLM), LLM (large language models)"
17302,sokolova_ks,https://solvery.io/ru/mentor/sokolova_ks,Ксения Соколова,Senior product manager,Точка банк,Санкт-Петербург,Europe/Moscow,6500,rub,16,92,,"Управление командой, Управление продуктом, Управление проектами, Продуктовые метрики, Продуктовая стратегия, Тестирование продуктовых гипотез, Ценностное предложение, Исследование и сегментация ЦА, Использование ИИ"
2040,dmitry_suvorov,https://solvery.io/ru/mentor/dmitry_suvorov,Дмитрий Суворов,UX/UI Designer,Samura,Челябинск,Asia/Yekaterinburg,6562,rub,4,161,,"Дизайн, Управление проектами, UI, UX, Типографика, Айдентика, Интерфейсы, UI kit, Прохождение собеседований, Техническое задание, Google analytics, Яндекс Метрика"
3528,popov_ivan,https://solvery.io/ru/mentor/popov_ivan,Иван Попов,Android developer,Мтс digital,Москва,Europe/Moscow,6562,rub,3,162,,"Мобильная разработка, Фронтенд, PostgreSQL, Базы данных, C#, Git, SQL, C++, Android, Kotlin, Java, Retrofit2, RxJava2, Moxy, MVP, Room, REST API, JavaFX, Software Engineering, Openapi, Unit Tests, WindowsForm, GitHub, OOP, MVVM, Jira, Intellij Platform SDK"
1152,airiney,https://solvery.io/ru/mentor/airiney,Александра  Кочанова,Менеджер продукта,VK,Санкт-Петербург,Europe/Moscow,6562,rub,2,18,,"Управление продуктом, Управление проектами, Scrum, Процессы разработки и тестирования, Прохождение собеседований, A/B testing, Customer development, Техническое задание, Agile, Управление проектным офисом, Управление портфелем проектов, CPO, Jira, Развитие карьеры, Юнит-экономика, Confluence, Управление ИТ, IT аудит, User Story, Маркетинг: исследования, Тестирование продуктовых гипотез, Карьера: Составление резюме, Notion, Miro, Найм команды"
3857,eternity_in_june,https://solvery.io/ru/mentor/eternity_in_june,Светлана Черныш,Marketing director,Garage eight,Москва,Europe/Kaliningrad,6562,rub,0,4,,"Управление командой, Управление продуктом, Маркетинг, Продуктовые метрики, Продуктовая стратегия, Маркетинг: стратегия, Маркетинг: процессы, Маркетинг: контент, Маркетинг: инфлюенс, Стартапы: продвижение"
843,lgryazeva,https://solvery.io/ru/mentor/lgryazeva,Лара Грязева,"Head of brand strategy, tracker",Strategize!,Москва,Europe/Moscow,6562,rub,0,0,,"Управление командой, Маркетинг, Прохождение собеседований, Freelance, Аналитика, Бизнес аналитика, Мотивация команды"
3434,leonid_rud,https://solvery.io/ru/mentor/leonid_rud,Леонид Рудык,Директор,Nocodered,Москва,Europe/Moscow,6562,rub,0,3,,"Управление продуктом, Управление проектами, Бизнес аналитика, Tilda, UX, Userflow, MVP, Упаковка, Style guide, UI kit, Kanban, Scrum, Тест-кейсы, Процессы разработки и тестирования, Freelance, Push Notifications, Аналитика, Customer development, Техническое задание, Яндекс Метрика, Управление портфелем проектов, Распределённая команда, Проектирование интеграций, Системное проектирование, Customer experience, Growth hacking, Продуктовые метрики, Продуктовая стратегия, Маркетинг: стратегия, Маркетинг: процессы, Маркетинг: контент, LLM (large language models), ChatGPT, Нейросети"
1153,nixar,https://solvery.io/ru/mentor/nixar,Максим Пантелеев,"TeamLead data scientist (NLP, RecSys)",Сбер,Москва,Europe/Moscow,6562,rub,2,241,,"Бэкенд, Управление командой, Data Science, PostgreSQL, Python, Git, SQL, C++, Java, Docker, AWS, Машинное обучение, Tensorflow, Deep Learning, AIOHTTP, Scala, Алгоритмы, Статистика, NLU, BERT, NLP, NER, Paraphrase detection, Text generation, Sentiment analysis, Classification, Clustering, Sklearn, Word Embeddings, Pytorch, CNN, Рекомендательные Системы, GCP, Hadoop, Hive, Spark, Numpy, Scipy, Catboost, scikit-learn, Pandas, Kafka, Yandex.Cloud, Kubernetes, CTO"
25175,ilidge,https://solvery.io/ru/mentor/ilidge,Николай Ефимов,Senior Software Developer,Ratepay,Берлин,Europe/Berlin,6562,rub,1,53,,"Тестирование, Бэкенд, PostgreSQL, Git, Kotlin, Java, REST API, Docker, AWS, Spring, Microservices, Spring Boot, Jenkins, Прохождение собеседований, Postman, Cucumber, Kafka, Kubernetes, Карьера: Поиск работы, Карьера: Составление резюме, Карьера: Релокейт, JUnit"
22778,darya_itmentor,https://solvery.io/ru/mentor/darya_itmentor,Дарья Марасанова,Ведущий системный аналитик,,Санкт-Петербург,Europe/Moscow,6562,rub,0,28,,"Управление командой, Бизнес аналитика, Системная аналитика, Userflow, SQL, REST API, Customer Journey Map, Scrum, UML диаграммы, Прохождение собеседований, Postman, Мотивация команды, Аналитика, Fintech, BABOK, Техническое задание, Agile, Управление знаниями в команде, Управление требованиями, Проектирование интеграций, Управление документацией, Развитие карьеры, BPMN, Confluence, User Story, Концепция и границы, Карьера: Составление резюме, Развитие soft skills, Переговоры, Бизнес-процессы, Тайм-менеджмент, Техническая документация"
20102,darya_ulshina,https://solvery.io/ru/mentor/darya_ulshina,Дарья Ульшина,Targeted Advertising Team Lead,Skyeng,Москва,Europe/Moscow,6642,rub,0,4,,"Управление командой, Маркетинг, Мотивация команды, Маркетинговый аудит, Маркетинг: анализ конкурентов, Маркетинг: оценка рынка, Найм команды, Маркетинг: сегментация, Маркетинг: персоны, Масштабирование команды, Таргетированная реклама: VK, Таргетированная реклама: Facebook, Таргетированная реклама: Instagram, Продуктовые метрики"
3172,mrgd,https://solvery.io/ru/mentor/mrgd,Александр Козлов,Technical Lead,Яндекс,Porto,Europe/Lisbon,6707,rub,0,144,,"Бэкенд, Управление командой, Фронтенд, HTML, CSS, JavaScript, React, Node.js, TypeScript, PHP, MongoDB, PostgreSQL, Базы данных, Git, SQL, Java, REST API, AWS, Spring, MySQL, Scrum, Структуры данных, Apache, Software Engineering, OOP, Nginx, Software Architecture, NoSQL, Развитие карьеры"
3509,khvostenk,https://solvery.io/ru/mentor/khvostenk,Анастасия Баранчикова,"ASO & CRO, Growth маркетинг менеджер ",Freelance,Париж,Europe/Paris,6853,rub,1,11,,"Маркетинг, Управление проектами, Android, iOS, Growth hacking, Маркетинг: стратегия, ASO, Маркетинг: исследования, Маркетинг: персоны, Стратегический маркетинг, Маркетинговая коммуникация"
27996,,,Евгения  Зебзеева,General Manager,easyEventhire UK ,Санкт-Петербург,Europe/Moscow,6853,rub,0,6,,"Управление командой, Управление проектами, HR, Продуктовая аналитика, Customer Journey Map, Kanban, Scrum, Customer development, Agile, Управление проектным офисом, Управление портфелем проектов, Управление организационными изменениями, Распределённая команда, Управление знаниями в команде, Jira, Развитие карьеры, Продуктовые метрики, Confluence, Lean, Управление ИТ, Карьера: Linkedin, CRM Маркетинг, Коучинг: бизнес-коучинг, Waterfall, SMART Цели, Построение контакт-центра, Развитие soft skills, People management, Найм команды, Организационная структура, Тайм-менеджмент, Кейс-менеджмент, Эффективность организации, Масштабирование команды, Клиентский Сервис, Менеджмент Стейкхолдеров, UX: настройка процессов в команде, настройка процессов в команде, Операционный маркетинг , Сегментация клиентов, Linkedin, Monday com, Asana, Запуск стартапов, Упаковка проекта, Трекшен проектов/стартапов"
29121,viktor_h,https://solvery.io/ru/mentor/viktor_h,Виктор Голодяев,CTO ,"International igaming (it, entertainment)",Лимассол,Asia/Nicosia,7145,rub,1,1,,"Бэкенд, Управление командой, Управление проектами, CEO, CTO, HR: формирование команд, Системное проектирование, IT риски, IT аудит, Масштабирование команды, Дизайн систем, OKR, KPI и OKR, Delivery managment"
3219,lenz89,https://solvery.io/ru/mentor/lenz89,Ариадна Данцкер,Engineering Manager,Лемана ПРО ex. Leroy Merlin,Москва,Europe/Moscow,7152,rub,2,58,,"Управление командой, Управление продуктом, Управление проектами, Kanban, Scrum, Процессы разработки и тестирования, Прохождение собеседований, Мотивация команды, Управление организационными изменениями, Распределённая команда, Управление знаниями в команде, CTO, HR: обучение и развитие, HR: формирование команд, Развитие карьеры, Управление ИТ, EdTech, Карьера: Поиск работы, Карьера: Составление резюме, SMART Цели, DevRel, Развитие soft skills, People management, Найм команды, Бизнес-процессы, Стратегическое управление, Дизайн обучающих мероприятий, Масштабирование команды, Менеджмент Стейкхолдеров, настройка процессов в команде, Карьерное консультирование"
26612,alex_pilip,https://solvery.io/ru/mentor/alex_pilip,Алексей Пилипчук,HR BP Team Lead,ИТ Контакт,Санкт-Петербург ,Europe/Moscow,7152,rub,0,0,,"Управление командой, HR, Управление организационными изменениями, Распределённая команда, HR: подбор и адаптация, HR: мотивация сотрудников, HR: оценка и аттестация, HR: обучение и развитие, HR: стратегический HR, HR: формирование команд, Карьера: Поиск работы, Карьера: Составление резюме, Карьерное консультирование"
7016,minaev_aa,https://solvery.io/ru/mentor/minaev_aa,Александр Минаев,Владелец проектов/Продуктов (PMO/CPO),Hse,Москва,Europe/Moscow,7152,rub,1,8,,"Управление продуктом, Бизнес аналитика, Управление проектами, Kanban, Scrum, Процессы разработки и тестирования, Прохождение собеседований, Архитектура процессов, Мотивация команды, Аналитика, Agile, Управление проектным офисом, Управление портфелем проектов, Управление организационными изменениями, Управление документацией, Jira, Менеджмент 3.0, Развитие карьеры, Юнит-экономика, Продуктовая стратегия, Публичные выступления, Стартапы: запуск, Стартапы: трекинг, Построение системы менторинга, Теория ограничений, Управление ИТ, Тестирование продуктовых гипотез, Стратегическое планирование, Waterfall, SWOT, SMART Цели, Построение контакт-центра, Развитие soft skills, People management, Найм команды, Организационная структура, Бизнес-процессы, Тайм-менеджмент, Стратегическое управление, Фасилитация, Масштабирование команды, Клиентский Сервис, настройка процессов в команде"
137,belyaev_dmitry,https://solvery.io/ru/mentor/belyaev_dmitry,Дмитрий Беляев,Rust developer,Wildberries,Санкт-Петербург,Europe/Moscow,7155,rub,6,397,,"Бэкенд, JavaScript, Node.js, TypeScript, MongoDB, PostgreSQL, Базы данных, Rust, Software Engineering, Паттерны проектирования, Software Architecture, Redis, Websockets, Разработка компиляторов, Многопоточность "
9109,homerboy,https://solvery.io/ru/mentor/homerboy,Артур Филимонцев,Teach Lead Frontend,Emcd,Гомель,Europe/Moscow,7281,rub,0,14,,"Управление командой, Управление продуктом, Фронтенд, JavaScript, Nuxt.js, TypeScript, SCSS, Vue.js, Прохождение собеседований, Верстка, Анимации JS, GraphQL"
18775,shapovalov_dev,https://solvery.io/ru/mentor/shapovalov_dev,Евгений Шаповалов,Team Lead DevOps,Virtuozzo,Белград,Europe/Bucharest,7289,rub,5,43,,"DevOps, Управление командой, Python, Git, Docker, Linux, Ansible, Cистемное администрирование, Процессы разработки и тестирования, Мотивация команды, Nginx, Helm, Распределённая команда, Terraform, bash, Prometheus, Grafana, Kubernetes"
105,vladimir_krasilschik,https://solvery.io/ru/mentor/vladimir_krasilschik,Владимир Красильщик,Эксперт по прагматичной разработке на Java,JUG Ru Group,Санкт-Петербург,Europe/Moscow,7291,rub,0,25,,"Бэкенд, SQL, Java, REST API, Network, Persistence, Spring, Microservices, Architecture, Vert.x, BigData, СУБД"
100,aleksandr_silaev,https://solvery.io/ru/mentor/aleksandr_silaev,Александр Силаев,CTO,Zillion whales,Санкт-Петербург,Europe/Moscow,7291,rub,1,33,,"C#, Unity, UI, Мобильная разработка, Unity3D, A*, Pathfinding, Network, Render, Rts, Module architecture, Rendering, Алгоритмы, Шейдеры"
650,AlexandrDev,https://solvery.io/ru/mentor/AlexandrDev,Александр Моторин,Руководитель направления разработки,X5 tech,Калужская область,Europe/Moscow,7291,rub,0,21,,"Разработка игр, Мобильная разработка, Управление командой, Базы данных, C#, Python, Indie, Git, Android, Kotlin, Java, Retrofit2, Dagger2, Clean Architecture, MVP, Picasso, Firebase, REST API, Material Design, Google Services, Gradle, Java SE, JavaFX, VR, Module architecture, Linux, Flutter, SQLite, Процессы разработки и тестирования, In App Purchases, Google Maps, Publishing Apps"
231,Rus_Ostropolsky,https://solvery.io/ru/mentor/Rus_Ostropolsky,Руслан Остропольский,CPO,Test it,Зеленоград,Europe/Moscow,7291,rub,2,92,,"Тестирование, Управление командой, Управление проектами, Less, MVP, Подготовка технических докладов, Kanban, Scrum, Процессы разработки и тестирования, Прохождение собеседований, CI/CD, Мотивация команды, Функциональное тестирование, Управление проектным офисом, Управление портфелем проектов, Управление организационными изменениями, Распределённая команда, Управление знаниями в команде, CEO, CTO, HR: мотивация сотрудников, HR: обучение и развитие, HR: внутренняя коммуникация и корпоративная культура, HR: формирование команд, CPO, Управление документацией, Jira, Менеджмент 3.0, Развитие карьеры, Публичные выступления, Confluence, Lean, Lean Just-in-time, Теория ограничений, Управление ИТ, IT аудит, HealthTech, Коучинг: целеполагание, Стратегическое планирование, Mind Map, Waterfall, SMART Цели, Trello, Miro, DevRel, Развитие soft skills, People management, Найм команды, Переговоры, Организационная структура, Бизнес-процессы, Тайм-менеджмент, Кейс-менеджмент, Эффективность организации, Фасилитация, Масштабирование команды"
117,mikhail_omelchenko,https://solvery.io/ru/mentor/mikhail_omelchenko,Михаил Омельченко,Основатель DXDocs.ru и AISferaic,ИП Омельченко М. С.,Москва,Europe/Moscow,7291,rub,1,22,,"Бэкенд, Управление командой, Управление проектами, Python, Git, SQL, Clean Architecture, MVP, REST API, Docker, Architecture, Подготовка технических докладов, Django, Django REST framework, Software Engineering, Процессы разработки и тестирования, Прохождение собеседований, Алгоритмы, Паттерны проектирования, Мотивация команды, BERT, NLP, DDD, Техническое задание, Redis, SEO, Распределённая команда, Управление знаниями в команде, CTO, Публичные выступления, Стартапы: продвижение, Построение системы менторинга, Управление ИТ, IT аудит, EdTech, Карьера: Составление резюме, Коучинг, Развитие soft skills, Найм команды, Бизнес-процессы, Тайм-менеджмент, FastAPI, SQLAlchemy, Нейросети, ИИ/AI, Low-code, No-code, ChatGPT, large language model (LLM), stable diffusion, настройка процессов в команде, Техническая документация, Embedded, Развитие личного бренда, Исследование и сегментация ЦА, Работа с блогерами, Контент-маркетинг, Векторные базы данных, LLM (large language models), LangChain, Векторная база данных, Управление образовательным продуктом, Автоматизация документирования, Контент-план, Использование ИИ, Промпт-инжиниринг, AI-анализ"
2907,ermolnik,https://solvery.io/ru/mentor/ermolnik,Сергей Ермолаев,Team Lead,Авито,Москва ,Asia/Bangkok,7291,rub,0,47,,"Мобильная разработка, Управление командой, Управление продуктом, Базы данных, Функциональное программирование, UI, Figma, Git, Производительность, Android, Kotlin, Java, Retrofit2, Dagger2, Clean Architecture, Firebase, Room, REST API, Material Design, Gradle, AR, CD, CI, Tensorflow, UML диаграммы, Software Engineering, Gitflow, CI/CD, GitlabCI, iOS, GitHub, Управление знаниями в команде"
2482,artemburla,https://solvery.io/ru/mentor/artemburla,Артем Бурла,Head of Android QA,ВКонтакте,Санкт-Петербург,Europe/Moscow,7291,rub,0,2,,"Тестирование, Управление командой, Управление проектами, Тест-кейсы, Процессы разработки и тестирования, Функциональное тестирование, Распределённая команда, Управление знаниями в команде, Развитие карьеры, Построение системы менторинга, Управление ИТ, Развитие soft skills, People management, Найм команды"
868,ash,https://solvery.io/ru/mentor/ash,Александр Щербина,Директор по продукту,Нейрософия,Дубай ,Asia/Dubai,7291,rub,2,17,,"Управление командой, Управление продуктом, Управление проектами, JTBD, Userflow, Продуктовая аналитика, Мотивация команды, A/B testing, Аналитика, Customer development, Google analytics, Яндекс Метрика"
28884,viacheslav_lasukov,https://solvery.io/ru/mentor/viacheslav_lasukov,Вячеслав Ласуков,Project Manager / Delivery Manager,Wildberries,Санкт-Петербург,Europe/Moscow,7291,rub,0,0,,"Управление командой, Управление проектами, Системная аналитика, MVP, Kanban, Scrum, Прохождение собеседований, Мотивация команды, Software Architecture, Agile, Управление портфелем проектов, Распределённая команда, Управление знаниями в команде, Проектирование интеграций, Системное проектирование, Управление ИТ, Карьера: Составление резюме, Waterfall, SMART Цели, Развитие soft skills, Найм команды, Бизнес-процессы, Фасилитация, Менеджмент Стейкхолдеров, настройка процессов в команде"
29258,,,Юлия Глотова,ex. HRD,ecom.tech,Санкт-Петербург,Europe/Moscow,7291,rub,0,0,,"Управление командой, HR, Управление организационными изменениями, HR: формирование команд, Коучинг, Стратегическое управление, Масштабирование команды, HR-бренд"
23411,altuninf,https://solvery.io/ru/mentor/altuninf,Федор Алтунин,Senior QA Engineer,Авито,Москва,Europe/Moscow,7291,rub,0,6,,"Тестирование, Управление командой, Управление проектами, JavaScript, TypeScript, Автоматизация тестирования, Процессы разработки и тестирования, Прохождение собеседований, Go, Функциональное тестирование, Развитие карьеры, Карьера: Составление резюме, Развитие soft skills, настройка процессов в команде"
29208,pavel_vnn,https://solvery.io/ru/mentor/pavel_vnn,Павел Ванин,Директор по развитию,implecs,Владимир,Europe/Moscow,7291,rub,0,0,,"Управление командой, 1C, MVP, Customer Journey Map, Прохождение собеседований, Мотивация команды, Freelance, Распределённая команда, Разработка на 1C, Кластер серверов 1С, Администрирование 1С, 1С Запросы и СКД, HR: мотивация сотрудников, HR: обучение и развитие, Публичные выступления, Тестирование продуктовых гипотез, Коучинг, Коучинг: лайф-коучинг, Коучинг: целеполагание, Переговоры, Фасилитация, Бирюзовые организации, CJM, Развитие личного бренда, 1С"
28615,duckofdoom,https://solvery.io/ru/mentor/duckofdoom,Митя Воскресенский,Product owner ,Wildberries,Москва,Europe/Moscow,7291,rub,0,1,,"Управление продуктом, Маркетинг, Управление командой, Продуктовые метрики, Продуктовая стратегия, Тестирование продуктовых гипотез, HR-бренд, Бренд-менеджмент, Коммуникационная стратегия, Маркетинг: стратегия, настройка процессов в команде, Карьера: Составление резюме, Прохождение собеседований, Карьера: Поиск работы"
26405,ron3go,https://solvery.io/ru/mentor/ron3go,Егор Геронин,Senior iOS Developer,Яндекс,Москва,Europe/Moscow,7291,rub,0,21,,"Мобильная разработка, iOS, iOS SDK, Swift, SwiftUI, Combine, XIB, UI, Git, SQL, MVP, Clean Architecture, Анимация, Структуры данных, UML диаграммы, Прохождение собеседований, Паттерны проектирования, Xcode, Publishing Apps, Яндекс Метрика, Viper, MVVM, GitLab, Развитие soft skills, Многопоточность , Appmetrica, MVC"
29007,goncharov,https://solvery.io/ru/mentor/goncharov,Андрей Гончаров,Technical Program Manager,ВкусВилл,Москва,Europe/Moscow,7291,rub,0,0,,"Управление командой, Управление продуктом, Управление проектами, Jira, Развитие карьеры, IT риски, Microsoft Project"
28960,reload225,https://solvery.io/ru/mentor/reload225,Шамиль Иманов,Mobile Engineer ,American Express,Лондон,Europe/London,7291,rub,0,0,,"Мобильная разработка, iOS, Swift, Xcode, Прохождение собеседований, SwiftUI, Architecture, Git, GitHub, GitLab, Функциональное тестирование, настройка процессов в команде"
10358,dvshalin,https://solvery.io/ru/mentor/dvshalin,Дмитрий Шалин,CEO ,BlitzStudio,Санкт-Петербург,Europe/Moscow,7291,rub,0,3,,"Управление продуктом, Управление проектами, Маркетинг, Kanban, Scrum, Agile, Распределённая команда, HR: формирование команд, Масштабирование команды"
8773,untaboo,https://solvery.io/ru/mentor/untaboo,Алексей Гербулов,Backend PHP Developer,"Разработка собственных проектов, работа на аутсорсе.",Иваново,Europe/Moscow,7291,rub,0,4,,"Бэкенд, HTML, CSS, JavaScript, Bootstrap, PHP, PostgreSQL, Базы данных, SCSS, Java, MySQL, Прохождение собеседований, Верстка, Алгоритмы, СУБД, Мотивация команды, Freelance, WordPress, GitHub, Техническое задание, 3д моделирование, Управление знаниями в команде, HR: подбор и адаптация, HR: оценка и аттестация, HR: обучение и развитие, HR: формирование команд, Развитие карьеры, Публичные выступления, Стартапы: продвижение, Карьера: Поиск работы, Карьера: Составление резюме, Коучинг, Развитие soft skills, Переговоры, Тайм-менеджмент"
22469,kaino_rhine,https://solvery.io/ru/mentor/kaino_rhine,Андрей Вильмов,Data Engineer,ПерилаГлавСнаб,Москва,Europe/Moscow,7291,rub,0,1,,"Бэкенд, Data Science, Data Engineering, PHP, MongoDB, PostgreSQL, Python, Java, Docker, Microservices, MySQL, TDD, MS SQL, BERT, Pytorch, DDD, Kafka, Redis, GreenPlum"
28750,karina_kozhina,https://solvery.io/ru/mentor/karina_kozhina,Карина Кожина,Lead Product Marketing Manager,Авито,"Россия, г Москва",Europe/Moscow,7291,rub,0,2,,"Маркетинг, Управление проектами, Маркетинг: стратегия, Маркетинг: процессы, Маркетинг: найм, Маркетинг: исследования, Маркетинг: анализ конкурентов, Маркетинг: оценка рынка, Маркетинговые исследования, Стратегический маркетинг, Маркетинговая аналитика, Маркетинговая коммуникация"
23146,temo_digital,https://solvery.io/ru/mentor/temo_digital,Артем Рыбин,CIO (Директор отдела информационных технологий),буше,Санкт-Петербург,Europe/Moscow,7291,rub,0,1,,"Бэкенд, Управление командой, Управление проектами, PHP, Go, Системное проектирование, Развитие карьеры, Карьера: Составление резюме, Карьерное консультирование"
22205,dem0n,https://solvery.io/ru/mentor/dem0n,Евгений Демченко,Head of PMO,ATOM,Краснодар,Europe/Moscow,7291,rub,0,0,,"Управление командой, Управление проектами, Управление продуктом, Управление проектным офисом, Управление портфелем проектов, Управление организационными изменениями, Управление ИТ"
9317,nvandreev,https://solvery.io/ru/mentor/nvandreev,Никита Андреев,Product Lead,Т-Банк,Москва,Europe/Moscow,7291,rub,14,51,,"Управление командой, Управление продуктом, Маркетинг, MVP, Прохождение собеседований, A/B testing, Growth hacking, Продуктовые метрики, Продуктовая стратегия, Маркетинг: стратегия, Стартапы: запуск, Стартапы: трекинг, Маркетинг: исследования, Маркетинг: анализ конкурентов, Тестирование продуктовых гипотез, Найм команды, Менеджмент Стейкхолдеров"
6345,retyreg,https://solvery.io/ru/mentor/retyreg,Дмитрий Ватютов,Discovery Product Lead ,OTP Bank,Москва,Asia/Omsk,7291,rub,0,0,,"Управление командой, Управление продуктом, Бизнес аналитика, JTBD, MVP, Продуктовая аналитика, Customer Journey Map, Kanban, Scrum, Мотивация команды, Аналитика, Customer development, Agile, Распределённая команда, Управление знаниями в команде, Jira, Юнит-экономика, Продуктовые метрики, Продуктовая стратегия, Стартапы: трекинг, Построение системы менторинга, EdTech, FoodTech, Тестирование продуктовых гипотез, Маркетинг: персоны, Стратегическое планирование, SMART Цели, Miro, UX: анализ конкурентов, Переговоры, Стратегическое управление"
28190,nelazskii,https://solvery.io/ru/mentor/nelazskii,Владимир Нелазский,COO & Head of PMO,handyweb,Тбилиси,Asia/Tbilisi,7291,rub,0,0,,"Управление командой, Управление продуктом, Управление проектами, Kanban, Scrum, Agile"
27463,daria_tsypachenko,https://solvery.io/ru/mentor/daria_tsypachenko,Дарья Цыпаченко,Product Lead,Т-Банк,Москва,Europe/Samara,7291,rub,0,5,,"Управление командой, Управление продуктом, UX, Customer Journey Map, Прохождение собеседований, Распределённая команда, Управление знаниями в команде, Продуктовая стратегия, User Story, Карьера: Поиск работы, Карьера: Составление резюме, People management, Найм команды, Переговоры, ИИ/AI, Low-code, настройка процессов в команде, KPI и OKR, Ценностное предложение, Финансовый анализ, Запуск стартапов"
16784,akulov,https://solvery.io/ru/mentor/akulov,Николай Акулов,Senior SRE & DevOps / TeamLead / Спикер,Anna.money,Мадрид,Europe/Madrid,7291,rub,0,20,,"DevOps, Управление командой, PostgreSQL, Git, SQL, Network, Docker, Linux, Ansible, Elasticsearch, MySQL, Kanban, Cистемное администрирование, Jenkins, Прохождение собеседований, Azure cloud, CI/CD, GitlabCI, Мотивация команды, GitHub, GCP, Nginx, Kafka, Redis, Kubernetes, YAML, Helm, Terraform, TCP/IP, bash, Hashicorp Vault, Digital Ocean, Карьера: Поиск работы, Карьера: Составление резюме, GitLab, Prometheus, Grafana, ArgoCD, Карьерное консультирование"
27789,olegsinev,https://solvery.io/ru/mentor/olegsinev,Олег Синев,Дизайн-лид,,Москва,Europe/Moscow,7291,rub,0,1,,"Управление командой, Управление продуктом, Дизайн, UI, UX, Figma, Интерфейсы, UI kit, Развитие карьеры, Дизайн Система, Карьера: Поиск работы, UX: детальный дизайн, Продуктовый дизайн"
19172,destinct,https://solvery.io/ru/mentor/destinct,Иван Соболев,Технический руководитель платформы,Оператор Газпром ИД,Москва,Europe/Moscow,7291,rub,0,8,,"Управление командой, Управление продуктом, Фронтенд, Производительность, Процессы разработки и тестирования, Прохождение собеседований, CI/CD, Frontend Performance, Software Architecture, Agile, Развитие карьеры, Стратегическое планирование, People management, Фасилитация, Масштабирование команды, OKR, Delivery managment, Yandex.Cloud"
23509,davvol,https://solvery.io/ru/mentor/davvol,Константин Семенов,Lead Product Manager,ВКонтакте,Санкт-Петербург,Europe/Moscow,7291,rub,0,2,,"Управление командой, Управление продуктом, UX, Customer Journey Map, A/B testing, BABOK, Customer development, Распределённая команда, Управление требованиями, Customer experience, Продуктовые метрики, UX: интервью, опросы, анкетирование, Развитие soft skills, People management, Бизнес-процессы, OKR, Исследование и сегментация ЦА, Senior Product Manager"
5107,daria_starostina,https://solvery.io/ru/mentor/daria_starostina,Дарья Старостина,Head of Recrutment ,Kokoc group,Саратов,Europe/Samara,7291,rub,0,6,,"Управление командой, HR, Прохождение собеседований, HR: подбор и адаптация, HR: мотивация сотрудников, HR: оценка и аттестация, HR: обучение и развитие, HR: внутренняя коммуникация и корпоративная культура, HR: стратегический HR, HR: формирование команд, HR: аналитика, Развитие карьеры, Карьера: Поиск работы, Карьера: Составление резюме, Найм команды"
21283,elzesser,https://solvery.io/ru/mentor/elzesser,Елена Эльзессер,Ментор по аналитике | Бизнес-психолог,,Москва,Europe/Moscow,7291,rub,0,0,,"Управление командой, PostgreSQL, Техническое задание, Развитие карьеры, Карьера: Поиск работы, Коучинг: бизнес-коучинг, Развитие soft skills, Аналитика данных, Карьерное консультирование, Развитие личного бренда"
27473,sandpyramid,https://solvery.io/ru/mentor/sandpyramid,Роман Белов,CMO,,Бали,Asia/Singapore,7291,rub,0,0,,"Маркетинг, Управление проектами, HR, Маркетинг: стратегия, Маркетинг: процессы, Маркетинг: найм, Маркетинг: анализ конкурентов, Маркетинг: оценка рынка, Операционный маркетинг , Стратегический маркетинг, Маркетинговый аудит, Найм команды, Тайм-менеджмент"
27326,kostenko,https://solvery.io/ru/mentor/kostenko,Алексей Костенко,Директор по маркетингу,Росэлторг,Москва,Europe/Moscow,7291,rub,0,1,,"Управление продуктом, Маркетинг, Управление проектами, MVP, Дизайн-стратегия, Прохождение собеседований, Управление портфелем проектов, Распределённая команда, Управление знаниями в команде, CEO, CPO, Развитие карьеры, Growth hacking, Продуктовые метрики, Продуктовая стратегия, Маркетинг: стратегия, Маркетинг: процессы, Маркетинг: найм, Маркетинг: контент, Публичные выступления, Стартапы: продвижение, Маркетинг: исследования, Маркетинг: анализ конкурентов, Тестирование продуктовых гипотез, Маркетинг: сегментация, Email Маркетинг, CRM Маркетинг, Маркетинговый аудит, UX: юзабилити аудит, Бизнес-процессы, Качество продуктов и услуг, настройка процессов в команде, KPI и OKR, Direct-маркетинг, Стратегический маркетинг, Партнерский маркетинг, B2B-маркетинг, Юзабилити аудит"
26988,taube,https://solvery.io/ru/mentor/taube,Александр Таубе,Lead Product Designer ,Сбер,Москва,Europe/Moscow,7291,rub,1,6,,"Управление командой, Дизайн, UI, UX, Дизайн-стратегия, Интерфейсы, Продуктовая аналитика, Мотивация команды, Распределённая команда, Управление знаниями в команде, HR: формирование команд, Проектирование интеграций, Дизайн Система, UX: анализ конкурентов, UX: интервью, опросы, анкетирование, UX: разработка концептуального макета, UX: детальный дизайн, Найм команды, Дизайн систем, Аналитика данных, UX: тексты, UX: лендинги, UX: настройка процессов в команде, Исследование и сегментация ЦА, СХ Аналитика"
26954,volkovayasno,https://solvery.io/ru/mentor/volkovayasno,Анастасия Волкова,Ментор ,,Тула,Europe/Kaliningrad,7291,rub,0,0,,"Управление командой, Управление продуктом, Системная аналитика, Прохождение собеседований, Управление организационными изменениями, Управление портфелем проектов, Управление знаниями в команде, Распределённая команда, HR: обучение и развитие, HR: внутренняя коммуникация и корпоративная культура"
25987,maksimuimin,https://solvery.io/ru/mentor/maksimuimin,Максим Уймин,Ведущий программист backend,VK,Санкт-Петербург,Europe/Moscow,7291,rub,0,6,,"DevOps, Бэкенд, Базы данных, Git, Производительность, Docker, Linux, Microservices, Architecture, Структуры данных, Алгоритмы, Системное программирование, GitlabCI, Go, Kafka, Kubernetes, Развитие карьеры, Prometheus, Grafana, Си"
26887,manikishin,https://solvery.io/ru/mentor/manikishin,Михаил Никишин,"Founder, ex-Product Lead",,Санкт-Петербург,Europe/Moscow,7291,rub,0,0,,"Управление командой, Управление продуктом, Функциональное программирование, Figma, MVP, Customer Journey Map, Network, Kanban, Scrum, Процессы разработки и тестирования, Мотивация команды, Распределённая команда, Управление знаниями в команде, HR: мотивация сотрудников, HR: формирование команд, Управление требованиями, Проектирование интеграций, Системное проектирование, Управление документацией, Jira, Развитие карьеры, Юнит-экономика, Продуктовая стратегия, Публичные выступления, Confluence, IT риски, Управление ИТ, User Story, Концепция и границы, Waterfall, SMART Цели, UX: анализ конкурентов, People management, Найм команды, Бизнес-процессы, Тайм-менеджмент, Маркетплейсы, Менеджмент Стейкхолдеров, настройка процессов в команде, Ценностное предложение, Delivery managment, Развитие личного бренда"
26693,enotgr,https://solvery.io/ru/mentor/enotgr,Михаил Кротов,Front-End Developer,Plata,Батуми,Asia/Tbilisi,7291,rub,1,0,,"Фронтенд, HTML, CSS, JavaScript, Webpack, Angular, NgRx, RxJs, TypeScript, Python, SCSS, Git, REST API, Linux, Flask, GitHub, Fintech, NoSQL, Системное проектирование, GitLab"
26102,bytehusky,https://solvery.io/ru/mentor/bytehusky,Артур Саргсян,Technical UI Designer,Game Dev,Хельсинки,Europe/Helsinki,7291,rub,1,3,,"Разработка игр, Дизайн, Unity, UI, UX, Figma, Unreal Engine, Шейдеры"
25599,vilena_me,https://solvery.io/ru/mentor/vilena_me,Вилена Шигапова,"Арт-директор, Дизайн-лид",0101 production,Москва,Europe/Moscow,7291,rub,0,1,,"Управление командой, Дизайн, Network Engineering, Логотип, Типографика, Анимация, After Effects, Айдентика, Фирменный стиль, Упаковка, Дизайн-стратегия, Графический дизайн, Motion-design, Style guide, UI kit, Мотивация команды, Развитие карьеры, Карьера: Поиск работы, Карьера: Составление резюме, Карьера: Linkedin, Коучинг: лайф-коучинг, SMART Цели, UX: разработка концептуального макета, Развитие soft skills, No-code, Менеджмент Стейкхолдеров, Использование ИИ"
25124,vdimitrov,https://solvery.io/ru/mentor/vdimitrov,Владимир Димитров,Senior ML,Cian,Санкт-Петербург,Europe/Moscow,7291,rub,0,30,,"Data Science, Управление продуктом, Управление командой, Python, Машинное обучение, NLP, OpenCV, Рекомендательные Системы, Deep Learning"
24352,hikik0m0ri,https://solvery.io/ru/mentor/hikik0m0ri,Артем Саркисян,Head of QA,Ozon Банк,Милан,Asia/Yerevan,7291,rub,1,14,,"Тестирование, Бэкенд, Управление командой, Python, Java, Автоматизация тестирования, Тест-кейсы, Процессы разработки и тестирования, Go, Мотивация команды, Функциональное тестирование, Agile, Распределённая команда, Управление знаниями в команде, Развитие карьеры, Развитие soft skills, Найм команды, Фасилитация, Масштабирование команды, настройка процессов в команде, Развитие личного бренда, API запросы, JUnit, Нагрузочное  тестирование, Коммуникационная стратегия"
23958,viacheslav,https://solvery.io/ru/mentor/viacheslav,Вячеслав Пигилов,IT-предприниматель,Little Bit FZ-LLC,Санкт-Петербург,Europe/Moscow,7291,rub,0,0,,"Разработка игр, Управление командой, Маркетинг, C#, Unity, HyperCasual, Casual, Firebase, Продуктовая аналитика, Google ads, Продуктовые метрики, Маркетинг: стратегия, Маркетинг: процессы, Маркетинг: найм, Публичные выступления, Стартапы: запуск, Продажи, Карьера: Поиск работы, Коучинг, Коучинг: лайф-коучинг, Коучинг: бизнес-коучинг, Коучинг: целеполагание, Стратегическое планирование, Маркетинговый аудит, Развитие soft skills, People management, Найм команды, Таргетированная реклама: Facebook, Таргетированная реклама: Instagram, Переговоры, Организационная структура, Бизнес-процессы, Эффективность организации, Качество продуктов и услуг, Стратегическое управление, Нейминг, Нейросети, Клиентский Сервис, UX: лендинги, Финансовый анализ, Бирюзовые организации, Исследование и сегментация ЦА, Стратегический маркетинг, Маркетинговая аналитика, Cloudflare"
23837,dascha_mir,https://solvery.io/ru/mentor/dascha_mir,Дарья Мир,Графический дизайнер,,Москва,Europe/Moscow,7291,rub,0,0,,"Дизайн, Типографика, Figma, Айдентика, Фирменный стиль, Графический дизайн"
23694,alekseyen,https://solvery.io/ru/mentor/alekseyen,Алексей Подкидышев,Machine Learning Engineer,Microsoft,Москва,Europe/Belgrade,7291,rub,0,12,,"Бэкенд, Data Science, Python, Java, Elasticsearch, Microservices, Deep Learning, NLP, Pytorch, Рекомендательные Системы"
23325,mariapolesh,https://solvery.io/ru/mentor/mariapolesh,Мария Полещук,Директор по маркетингу,,Москва,Europe/Moscow,7291,rub,0,12,,"Управление продуктом, Маркетинг, Управление знаниями в команде, Маркетинг: стратегия, Стратегический маркетинг, Партнерский маркетинг, B2B-маркетинг, Маркетинговый аудит, Маркетинговые исследования, Telegram ads, Маркетинговая аналитика, Сегментация клиентов"
21356,howtoartyom,https://solvery.io/ru/mentor/howtoartyom,Артем Геташвили,Senior Python Developer,Bureau 1440,Москва,Europe/Moscow,7291,rub,0,68,,"Бэкенд, Data Science, MongoDB, Python, Функциональное программирование, Ubuntu, Git, SQL, REST API, Docker, Linux, Машинное обучение, Tensorflow, Rabbitmq, Kanban, Scrum, Flask, Автоматизация тестирования, Jenkins, CI/CD, FastAPI, Нейросети, ИИ/AI, ChatGPT, large language model (LLM), gRPC"
21370,aserebryanskiy,https://solvery.io/ru/mentor/aserebryanskiy,Андрей Серебрянский,Lead Developer at YDB Topics,Яндекс,Москва,Europe/Moscow,7291,rub,1,8,,"Бэкенд, Data Engineering, Java, Spark, Kafka, Kubernetes"
19255,ievma,https://solvery.io/ru/mentor/ievma,Евгений Маслов,QA Lead,,Москва,Europe/Moscow,7291,rub,0,21,,"Тестирование, Управление командой, Управление проектами, Базы данных, Git, SQL, REST API, Blockchain, Smart-Contracts, ÐApp, Kanban, Scrum, TDD, Тест-кейсы, Процессы разработки и тестирования, Прохождение собеседований, Архитектура процессов, Postman, Allure, Функциональное тестирование, GitHub, Fintech, HR: формирование команд, Стартапы: запуск, Управление ИТ, Карьера: Поиск работы, Карьера: Составление резюме, Chrome DevTools, People management, Найм команды, настройка процессов в команде, Карьерное консультирование, API запросы"
19214,babaika,https://solvery.io/ru/mentor/babaika,Валерий Линьков,CEO,Монтировка,Москва,Europe/Moscow,7291,rub,0,9,,"DevOps, Информационная безопасность, Network Engineering, Базы данных, Python, Функциональное программирование, Ubuntu, Git, SQL, C++, Браузеры, REST API, Network, Доступность сайтов, Linux, Подготовка технических докладов, Django, Django REST framework, Debian, Deploy, Kanban, Scrum, Cистемное администрирование, Верстка, WordPress, Статистика, Qt, GitHub, RaspberryPi, Numpy, Техническое задание, Пентест, Анализ защищенности, CEO, Websockets, Публичные выступления, Стартапы: продвижение, Стартапы: запуск, Стартапы: трекинг, Избыточность, Routing & Switching, WLAN, TCP/IP, BPMN, Digital Ocean, IT риски, Управление ИТ, EdTech, User Story, Концепция и границы, Карьера: Поиск работы, Карьера: Составление резюме, Коучинг, Коучинг: лайф-коучинг, Коучинг: целеполагание, Mind Map, Notion, Miro, VoIP, SIP, Развитие soft skills, Переговоры, Дизайн обучающих мероприятий, Брэнд-менеджмент , Game Design, Unity3D, Unity, C#"
10381,diana_indi,https://solvery.io/ru/mentor/diana_indi,Диана Инди,дизайнер,Fix price,Казань,Europe/Moscow,7291,rub,0,7,,"Дизайн, Маркетинг, Управление проектами, Логотип, Айдентика, Фирменный стиль, Упаковка, Дизайн-стратегия, Графический дизайн, Пиктограммы, Мотивация команды, Freelance, Развитие карьеры, Маркетинг: стратегия, Маркетинг: контент, Маркетинг: инфлюенс, PR, Публичные выступления, Маркетинг: исследования, Маркетинг: анализ конкурентов, Карьера: Поиск работы, Карьера: Составление резюме, Коучинг, Коучинг: лайф-коучинг, Коучинг: бизнес-коучинг, Коучинг: целеполагание, SMART Цели, Развитие soft skills, Тайм-менеджмент, Нейминг"
10371,koralasti,https://solvery.io/ru/mentor/koralasti,Наталия Гришина,Операционный директор,,Екатеринбург,Asia/Yekaterinburg,7291,rub,0,17,,"Управление командой, Управление проектами, Управление продуктом, Мотивация команды, Управление организационными изменениями, Управление знаниями в команде, Customer experience, Продуктовые метрики, Стартапы: запуск, Стартапы: трекинг, Тестирование продуктовых гипотез, Стратегическое планирование, SMART Цели, People management, Организационная структура, Эффективность организации, Качество продуктов и услуг, Стратегическое управление, Фасилитация, Масштабирование команды, Клиентский Сервис, настройка процессов в команде, KPI и OKR, Оценка эффективности организации"
9939,mrkerber,https://solvery.io/ru/mentor/mrkerber,Мара Гильденблат (Склярова),CMO / Директор по маркетингу / Консультант и преподаватель,IT-проекты,Москва,Europe/Moscow,7291,rub,0,147,,"Управление командой, Маркетинг, Управление проектами, Маркетинг: стратегия, Маркетинг: процессы, Маркетинг: найм, Маркетинг: трекинг, Маркетинг: контент, PR, Стартапы: продвижение, Маркетинг: исследования, Маркетинг: анализ конкурентов, Маркетинг: оценка рынка, Маркетинг: сегментация, Маркетинг: персоны, Карьера: Поиск работы, Email Маркетинг, CRM Маркетинг, Стратегическое планирование, Маркетинговый аудит, SWOT, SMART Цели, Развитие soft skills, People management, Найм команды, Бизнес-процессы, Маркетинговые исследования, Direct-маркетинг, Стратегический маркетинг, Операционный маркетинг , Программы лояльности, Позиционирование на рынке, Маркетинговая аналитика, B2B-маркетинг, Сегментация клиентов, Контент-маркетинг, Маркетинговая коммуникация, Коммуникационная стратегия, Контент-план"
8476,thatsasha,https://solvery.io/ru/mentor/thatsasha,Саша Сутягина,"Founder; ex-Product director — Prisma Labs; ex-Product manager — Яндекс, Озон",,Москва,Europe/Moscow,7291,rub,0,0,,"Управление продуктом, Управление проектами, Системная аналитика, UX, MVP, Продуктовая аналитика, Mobile first, Customer experience, Продуктовые метрики, Продуктовая стратегия, Стартапы: запуск, User Story, Тестирование продуктовых гипотез, Карьера: Поиск работы, Карьера: Составление резюме, Стратегическое планирование, Notion, Miro, UX: анализ конкурентов, UX: разработка сценариев, UX: интервью, опросы, анкетирование, People management, Найм команды"
7610,o_chechenina,https://solvery.io/ru/mentor/o_chechenina,Ольга Чеченина,HR Business Partner,,Санкт-Петербург,Europe/Moscow,7291,rub,0,18,,"Управление командой, Управление проектами, HR, HR: подбор и адаптация, HR: мотивация сотрудников, HR: оценка и аттестация, HR: обучение и развитие, HR: стратегический HR, HR: формирование команд"
7066,ndmelentev,https://solvery.io/ru/mentor/ndmelentev,Никита Мелентьев,Senior Data Scientist,Booking.com,Москва,Europe/Moscow,7291,rub,6,92,,"Управление командой, Data Science, Data Engineering, Python, Продуктовая аналитика, BigData, Computer Vision, Deep Learning, Kanban, Scrum, Структуры данных, SQLite, Прохождение собеседований, Алгоритмы, CI/CD, Мотивация команды, Статистика, BERT, NLP, NER, Text generation, Sentiment analysis, Classification, Clustering, Sklearn, A/B testing, Word Embeddings, Pytorch, CNN, FCNN, Text Features, Transformers, RNN, Рекомендательные Системы, Аналитика, Numpy, Scipy, Catboost, scikit-learn, Pandas, Visualization, Техническое задание, U-Net, Управление знаниями в команде, Управление требованиями, Управление документацией, Jira, Slack, Развитие карьеры, Публичные выступления, Confluence, IT аудит, Тестирование продуктовых гипотез, Карьера: Поиск работы, Карьера: Составление резюме, Карьера: Linkedin, Карьера: Релокейт, SMART Цели, Trello, Miro, Развитие soft skills, People management, Найм команды, Нейросети, ИИ/AI, Аналитика данных, large language model (LLM), настройка процессов в команде, Техническая документация"
7011,alec_c4,https://solvery.io/ru/mentor/alec_c4,Алексей Поимцев,"CEO, CTO",Asgard technology,Москва,Europe/Moscow,7291,rub,0,14,,"Бэкенд, Управление командой, Управление продуктом, HTML, CSS, JavaScript, Less, Sass, Next.Js, Ruby, UI, SASS, Git, JTBD, Userflow, Производительность, Clean Architecture, MVP, Интерфейсы, Продуктовая аналитика, Customer Journey Map, Docker, Linux, AWS, Ansible, CD, CI, Architecture, Scrum, SPA, Cистемное администрирование, Автоматизация тестирования, Процессы разработки и тестирования, Gitflow, Анализ и поиск решения (bugfix), Архитектура процессов, Svelte, Мотивация команды, Cucumber, Push Notifications, Apple Pay, A/B testing, Аналитика, Software Architecture, Техническое задание, Agile, Redis, NoSQL, YAML, GraphQL, Cypress, Elixir, Phoenix, Распределённая команда, Управление знаниями в команде, CEO, CTO, Управление требованиями, Проектирование интеграций, Customer experience, Финансовое моделирование, Growth hacking, Продуктовые метрики, Продуктовая стратегия, Публичные выступления, Стартапы: продвижение, Стартапы: запуск, Digital Ocean, Продажи, Тестирование продуктовых гипотез"
4228,timurnav,https://solvery.io/ru/mentor/timurnav,Тимур Мухитдинов,Senior Software Engineer,Booking.com,Амстердам,Europe/Amsterdam,7291,rub,0,43,,"Бэкенд, MongoDB, PostgreSQL, Git, Java, REST API, Gradle, Java SE, Spring, Microservices, Spring Boot, Hibernate, Структуры данных, Maven, Spring Framework, Алгоритмы, GitHub, Cassandra, Kafka, Дизайн систем"
20583,kharichkin,https://solvery.io/ru/mentor/kharichkin,Никита Харичкин,Системный аналитик AI,Альфа-Банк,Москва,Europe/Moscow,7356,rub,3,8,,"Системная аналитика, Бизнес аналитика, Управление командой, REST API, Подготовка технических докладов, UML диаграммы, Прохождение собеседований, Openapi, Swagger, Postman, Мотивация команды, Push Notifications, Аналитика, Software Architecture, Kafka, BRD, SRS, Техническое задание, Agile, YAML, GraphQL, Keycloak, Управление знаниями в команде, Управление требованиями, Проектирование интеграций, Системное проектирование, Управление документацией, Jira, Развитие карьеры, Продуктовые метрики, Публичные выступления, BPMN, UML, Confluence, Построение системы менторинга, Управление ИТ, Balsamiq, User Story, Концепция и границы, Карьера: Поиск работы, Карьера: Составление резюме, UX: разработка сценариев, UX: разработка концептуального макета, Развитие soft skills, Найм команды, Бизнес-процессы, Фасилитация, UX: настройка процессов в команде, ChatGPT, настройка процессов в команде, gRPC, Техническая документация"
16511,alvaxas,https://solvery.io/ru/mentor/alvaxas,Александра Васильева,"Agile coach, Founder",Лаборатория Стратегических Изменений 90/10,Санкт-Петербург,Europe/Kaliningrad,7664,rub,0,1,,"Управление командой, Управление продуктом, Управление проектами, Less, MVP, Kanban, Scrum, Процессы разработки и тестирования, Мотивация команды, Agile, Управление организационными изменениями, Распределённая команда, Управление знаниями в команде, Jira, Развитие карьеры, Стартапы: запуск, Стартапы: трекинг, Управление ИТ, Коучинг, Коучинг: бизнес-коучинг, Коучинг: целеполагание, Waterfall, SMART Цели, Развитие soft skills, People management, Найм команды, Тайм-менеджмент, Стратегическое управление, Масштабирование команды, настройка процессов в команде, Delivery managment, Карьерное консультирование"
4429,igrovaya,https://solvery.io/ru/mentor/igrovaya,Мария Попова,"Ментор, COO, agile-архитектор",Предприниматель,Москва,Europe/Moscow,7664,rub,1,20,,"Управление командой, Управление продуктом, Управление проектами, Customer Journey Map, Kanban, Scrum, Мотивация команды, A/B testing, Customer development, Agile, Управление организационными изменениями, Распределённая команда, Управление знаниями в команде, HR: мотивация сотрудников, HR: оценка и аттестация, HR: обучение и развитие, HR: стратегический HR, HR: формирование команд, Менеджмент 3.0, Развитие карьеры, Юнит-экономика, Customer experience, Продуктовые метрики, Продуктовая стратегия, Публичные выступления, Стартапы: запуск, Стартапы: трекинг, Построение системы менторинга, Управление ИТ, EdTech, User Story, Маркетинг: исследования, Маркетинг: анализ конкурентов, Тестирование продуктовых гипотез, Карьера: Поиск работы, Карьера: Составление резюме, Коучинг, Коучинг: лайф-коучинг, Коучинг: бизнес-коучинг, Коучинг: целеполагание, Стратегическое планирование, Mind Map, SMART Цели, Miro, DevRel, Развитие soft skills, People management, Найм команды, Переговоры, Организационная структура, Бизнес-процессы, Тайм-менеджмент, Децентрализованные организации, Эффективность организации, Качество продуктов и услуг, Стратегическое управление, Дизайн обучающих мероприятий, Фасилитация, Масштабирование команды, Клиентский Сервис, Менеджмент Стейкхолдеров, OKR, настройка процессов в команде"
1521,kochetkovma,https://solvery.io/ru/mentor/kochetkovma,Максим Кочетков,QA Automation Expert Kotlin/Java,Райффайзенбанк,Москва,Europe/Moscow,7874,rub,4,46,,"Тестирование, DevOps, Бэкенд, Kotlin, Java, Docker, Selenium, Автоматизация тестирования, Jenkins, Прохождение собеседований, GitlabCI, Unit Tests, Selenide, Cucumber, GitHub, Kubernetes, LLM (large language models), ИИ/AI, Low-code"
5123,eugene_october,https://solvery.io/ru/mentor/eugene_october,Евгений Мищенко,Senior Software Engineer,Microsoft,Белград,Europe/Belgrade,7999,rub,0,24,,"Бэкенд, Фронтенд, JavaScript, React, Redux, Node.js, Express, TypeScript, MongoDB, PostgreSQL, Git, SQL, Производительность, REST API, AWS, Microservices, Architecture, Прохождение собеседований, Gitflow, Алгоритмы, Паттерны проектирования, Unit Tests, СУБД, OOP, Nginx, NoSQL, Websockets, bash"
18905,valeria_suvorova,https://solvery.io/ru/mentor/valeria_suvorova,Валерия Суворова,Deputy Department Director,Jet infosystems,Москва,Europe/Kaliningrad,7999,rub,0,37,,"Управление командой, Управление проектами, HR, Подготовка технических докладов, Прохождение собеседований, Мотивация команды, Управление портфелем проектов, Распределённая команда, Управление знаниями в команде, HR: внутренняя коммуникация и корпоративная культура, HR: аналитика, Развитие карьеры, Маркетинг: стратегия, Публичные выступления, Построение системы менторинга, Карьера: Поиск работы, Карьера: Составление резюме, Коучинг, Коучинг: лайф-коучинг, Коучинг: бизнес-коучинг, Коучинг: целеполагание, DevRel, Развитие soft skills, Брэнд-менеджмент , настройка процессов в команде, Развитие личного бренда, HR-бренд"
365,cskeleto,https://solvery.io/ru/mentor/cskeleto,Дмитрий Малахов,CTO,Berlin technological academy,Белград,Europe/Berlin,8020,rub,2,84,,"Управление командой, Фронтенд, HTML, JavaScript, Webpack, React, Angular, Next.Js, Redux, Node.js, TypeScript, MongoDB, PostgreSQL, UI, SASS, MVP, Material Design, UI kit, Прохождение собеседований, Алгоритмы, Svelte, Tailwind"
18882,uviolett,https://solvery.io/ru/mentor/uviolett,Виолетта Усанова,CCO,4dev,Москва,Europe/Moscow,8020,rub,0,7,,"Управление командой, Управление продуктом, Управление проектами, Управление организационными изменениями, Распределённая команда, Юнит-экономика, Финансовое моделирование, Продуктовые метрики, Продуктовая стратегия, Публичные выступления, EdTech, Коучинг: лайф-коучинг, Стратегическое планирование, Развитие soft skills, People management, Организационная структура, Бизнес-процессы, Тайм-менеджмент, Стратегическое управление, Менеджмент Стейкхолдеров"
17761,nadiasklv,https://solvery.io/ru/mentor/nadiasklv,Надя Соколова,Lead Marketing Manager,Yandex Plus AdTech,Москва,Europe/Moscow,8020,rub,1,11,,"Управление командой, Маркетинг, Управление проектами, Мотивация команды, Маркетинг: стратегия, Маркетинг: процессы, Маркетинг: найм, Маркетинг: трекинг, Маркетинг: контент, Маркетинг: инфлюенс, PR, Маркетинг: исследования, Маркетинг: анализ конкурентов, Маркетинг: оценка рынка, Маркетинг: сегментация, Маркетинг: персоны, Стратегическое планирование, Маркетинговый аудит, SMART Цели, Развитие soft skills, People management, Найм команды, Организационная структура, Дизайн обучающих мероприятий, Фасилитация, Брэнд-менеджмент , Клиентский Сервис"
4001,lena_deshina,https://solvery.io/ru/mentor/lena_deshina,Елена Дешина,Head of Product,Onfy,Лимассол,Asia/Nicosia,8020,rub,0,1,,"Управление командой, Управление продуктом, Управление проектами, Продуктовая аналитика, Customer Journey Map, Customer development, Продуктовые метрики, Продуктовая стратегия, Карьера: Поиск работы, Карьера: Составление резюме, Карьера: Linkedin, Карьера: Релокейт"
25615,i_merkurev,https://solvery.io/ru/mentor/i_merkurev,Иван Меркурьев,Senior Product Manager,Яндекс,Москва,Europe/Moscow,8072,rub,3,25,,"Управление командой, Управление продуктом, Маркетинг, UI, UX, Userflow, MVP, Продуктовая аналитика, Kanban, Scrum, Прохождение собеседований, Customer development, Agile, Развитие карьеры, Продуктовые метрики, Продуктовая стратегия, Карьера: Составление резюме, Развитие soft skills, People management, Стратегическое управление, Масштабирование команды"
8880,productowner,https://solvery.io/ru/mentor/productowner,Вячеслав Кузнецов,Product Lead,Тинькофф,Москва,Europe/Helsinki,8100,rub,2,18,,"Управление командой, Управление продуктом, Управление проектами, Продуктовая аналитика, Customer Journey Map, Прохождение собеседований, Мотивация команды, Customer development, Agile, Распределённая команда, Развитие карьеры, Юнит-экономика, Customer experience, Growth hacking, Продуктовые метрики, Продуктовая стратегия, Маркетинг: процессы, Маркетинг: трекинг, Тестирование продуктовых гипотез, Стратегическое планирование, Стратегическое управление"
27558,erik_marushkin,https://solvery.io/ru/mentor/erik_marushkin,Эрик Марушкин,Product owner,Спортмастер,Москва,Europe/Moscow,8174,rub,0,0,,"Управление продуктом, Управление командой, Управление проектами, Карьерное консультирование, Развитие карьеры, Карьера: Поиск работы, Карьера: Составление резюме, Прохождение собеседований, Коучинг: лайф-коучинг, Мотивация команды, People management, SMART Цели, Тайм-менеджмент, Продуктовая стратегия, Продуктовые метрики, Growth hacking, Customer experience, Финансовое моделирование, Финансовый анализ, Ценностное предложение, Юнит-экономика, Анализ конкурентов, Оценка рынка, Стартапы: запуск, Стартапы: инвестиции, Стартапы: трекинг, Запуск стартапов, Трекшен проектов/стартапов, CPO, Senior Product Manager, Маркетплейсы, Ozon, Стратегическое планирование"
2912,yarstech,https://solvery.io/ru/mentor/yarstech,Ярослав Стеценко,Founder & CEO,V&progers,Санкт-Петербург,Europe/Moscow,8749,rub,0,5,,"Управление командой, Управление продуктом, 1C, Базы данных, Функциональное программирование, MVP, Customer Journey Map, Прохождение собеседований, Управление портфелем проектов, Распределённая команда, Разработка на 1C, Мобильная разработка на 1C, 1С Запросы и СКД, 1С:ERP, 1С:БП (Бухгалтерия Предприятия), 1С:ДО (Документооборот), HR: мотивация сотрудников, Юнит-экономика, Финансовое моделирование, Маркетинг: стратегия, Стартапы: запуск"
2039,ben_litvin,https://solvery.io/ru/mentor/ben_litvin,Бен Литвин,Chief Marketing Officer,Движ,Тель Авив,Asia/Jerusalem,8749,rub,0,25,,"Управление командой, Маркетинг, Customer Journey Map, CEO, Growth hacking, Маркетинг: стратегия, Маркетинг: процессы, Маркетинг: найм, Маркетинг: трекинг, Маркетинг: контент, Стартапы: продвижение, Стартапы: запуск, Стартапы: трекинг, Стартапы: инвестиции, B2B-продажи, Маркетинг: оценка рынка, Маркетинг: сегментация, Маркетинговый аудит, B2B-маркетинг, Маркетинговая коммуникация, Продажи, Построение отдела продаж"
17482,evgeniya_shlenova,https://solvery.io/ru/mentor/evgeniya_shlenova,Evgeniya Shlenova,Руководитель маркетинга SuperApp,Яндекс Go,Москва,Europe/Kaliningrad,8749,rub,7,42,,"Маркетинг, Анализ конкурентов, Инфлюенс маркетинг, Исследование и сегментация ЦА, Стратегический маркетинг, Операционный маркетинг , Партнерский маркетинг, Позиционирование на рынке, Коммерческое предложение, Маркетинговая аналитика, Проектирование рекламных интеграций"
20123,pinc0de,https://solvery.io/ru/mentor/pinc0de,Павел Кононенко,Senior Software Engineer,Epam,Malaga,Europe/Belgrade,8749,rub,10,103,,"Бэкенд, Управление командой, C#, SQL, Docker, Rabbitmq, Elasticsearch, Architecture, ASP.NET Core, .NET core, Паттерны проектирования, Kafka, Kubernetes, Системное проектирование"
24378,natalia_treskova,https://solvery.io/ru/mentor/natalia_treskova,Наталья Трескова,Senior Product Designer,ex Vivid Money,Москва,Europe/Moscow,8749,rub,0,0,,"Дизайн, UX, UI, Growth hacking, Продуктовые метрики, Customer experience, JTBD, Userflow, Дизайн-стратегия, Customer Journey Map, Fintech, Карьера: Поиск работы, Карьера: Составление резюме, Карьера: Linkedin, Карьера: Релокейт"
23522,namerkulov,https://solvery.io/ru/mentor/namerkulov,Николай Меркулов,Независимый консультант по Data Science и профессор менеджмента,,Химки,Europe/Moscow,8749,rub,0,4,,"Управление командой, Data Science, Управление проектами, Машинное обучение, Процессы разработки и тестирования, Статистика, Аналитика, Публичные выступления, Карьера: Составление резюме, Стратегическое планирование, Развитие soft skills, People management, Найм команды, Организационная структура, Бизнес-процессы, Тайм-менеджмент, Эффективность организации, Стратегическое управление, Дизайн обучающих мероприятий, Нейросети, ИИ/AI, Аналитика данных, Карьерное консультирование, Сегментация клиентов, Теория Вероятности, Cобеседование на английском языке, Microsoft Project, BI-системы, Разработка технической документации"
23155,listentomax,https://solvery.io/ru/mentor/listentomax,Максим Слепухов,Senior Product Manager,Авито,Ульяновск,Europe/Samara,8749,rub,6,25,,"Управление командой, Управление продуктом, Управление проектами, A/B testing, Развитие карьеры, Юнит-экономика, Growth hacking, Продуктовые метрики, Продуктовая стратегия, IT риски, Тестирование продуктовых гипотез, Карьера: Поиск работы, Стратегическое планирование, SWOT, Развитие soft skills, People management, Тайм-менеджмент, Менеджмент Стейкхолдеров, Avito, KPI и OKR, Карьерное консультирование, Трекшен проектов/стартапов"
22582,someden,https://solvery.io/ru/mentor/someden,Денис Ефремов,Senior Fullstack Developer,Яндекс,Пенза,Europe/Moscow,8749,rub,0,9,,"Бэкенд, Управление командой, Фронтенд, HTML, CSS, JavaScript, Webpack, React, Next.Js, Bootstrap, Node.js, Express, TypeScript, PHP, Функциональное программирование, UI, UX, Jest, Git, Браузеры, Clean Architecture, MVP, REST API, Material Design, БЭМ, Доступность сайтов, Кроссбраузерная оптимизаци, Семантичная вёрстка, Style guide, UI kit, Docker, Elasticsearch, Architecture, Паттерны проектирования, Openapi, ESLint, GraphQL, Развитие карьеры, Карьера: Поиск работы, Карьера: Составление резюме, Карьера: Linkedin, Карьера: Релокейт, Chrome DevTools, Prometheus, Grafana, gRPC, Vite , Vitest, Playwright, Redux, Redux Thank, MVC, ERP, Kibana"
8425,maromanova,https://solvery.io/ru/mentor/maromanova,Маргарита Романова,Design Team Lead,Dzen,Москва,Europe/Moscow,8749,rub,1,30,,"Управление командой, Дизайн, UI, UX, Типографика, Figma, Графический дизайн, UI kit, Развитие карьеры, Дизайн Система, Карьера: Поиск работы, Карьера: Составление резюме, Карьера: Linkedin, Карьера: Релокейт"
5387,julia_aravina,https://solvery.io/ru/mentor/julia_aravina,Юлия Аравина,"Бизнес-коуч, ex-руководитель направления обучения и развития",,Санкт-Петербург,Europe/Moscow,8749,rub,0,4,,"Управление командой, HR, Мотивация команды, Agile, Управление организационными изменениями, Распределённая команда, Управление знаниями в команде, HR: мотивация сотрудников, HR: оценка и аттестация, HR: обучение и развитие, HR: внутренняя коммуникация и корпоративная культура, HR: стратегический HR, HR: формирование команд, Публичные выступления, Построение системы менторинга, Управление ИТ, EdTech, Бирюзовые организации, Спиральная динамика, Жесткие переговоры, Карьерное консультирование, HR-бренд"
22475,ajikin,https://solvery.io/ru/mentor/ajikin,Андрей Жикин,CIO (Директор по ИТ),Удоканская медь (ex Yota\МегаФон),Москва,Europe/Moscow,9186,rub,0,6,,"Управление командой, Управление проектами, HR, Прохождение собеседований, Управление проектным офисом, Управление портфелем проектов, Управление организационными изменениями, Распределённая команда, CTO, HR: подбор и адаптация, HR: мотивация сотрудников, HR: внутренняя коммуникация и корпоративная культура, Управление требованиями, Развитие карьеры, Управление ИТ, IT аудит, Карьера: Поиск работы, Карьера: Составление резюме, Стратегическое планирование, Развитие soft skills, People management, Организационная структура, Бизнес-процессы, Тайм-менеджмент, Эффективность организации, Стратегическое управление, Масштабирование команды, Менеджмент Стейкхолдеров, настройка процессов в команде"
26759,ashtaro,https://solvery.io/ru/mentor/ashtaro,Руслан Ларин,"CMO | Консультант по маркетингу и росту в HRtech, Fintech, IT",,Москва,Europe/Moscow,9197,rub,0,0,,"Управление командой, Маркетинг, Управление проектами, Маркетинг: стратегия, Маркетинг: процессы, Маркетинг: найм, Маркетинг: трекинг, Маркетинг: контент, Маркетинг: инфлюенс, Стартапы: продвижение, Стартапы: запуск, Маркетинг: анализ конкурентов, Маркетинг: сегментация, Email Маркетинг, CRM Маркетинг, Маркетинговый аудит, Стратегический маркетинг, Операционный маркетинг , Партнерский маркетинг, Маркетинговая аналитика, B2B-маркетинг, Контент-маркетинг, Маркетинговая коммуникация"
16293,ksenia_l,https://solvery.io/ru/mentor/ksenia_l,Ксения Легостай,Data Science Team Lead,Klarna,Берлин,Europe/Berlin,9197,rub,0,27,,"Data Science, Управление командой, Бизнес аналитика, Python, Машинное обучение, BigData, Статистика, Рекомендательные Системы, Fintech, Распределённая команда, Развитие карьеры, EdTech, Карьера: Поиск работы, Карьера: Составление резюме, Карьера: Linkedin, Карьера: Релокейт, Найм команды, ИИ/AI, Аналитика данных"
22699,yana,https://solvery.io/ru/mentor/yana,Яна Рожнова,Карьерный консультант/HR,,Тбилиси,Asia/Tbilisi,9478,rub,0,13,,"Управление командой, HR, Прохождение собеседований, Мотивация команды, Распределённая команда, HR: подбор и адаптация, HR: мотивация сотрудников, HR: обучение и развитие, HR: внутренняя коммуникация и корпоративная культура, HR: стратегический HR, HR: формирование команд, Развитие карьеры, Публичные выступления, Карьера: Поиск работы, Карьера: Релокейт, Коучинг, Коучинг: лайф-коучинг, Коучинг: целеполагание, People management, Найм команды, Переговоры, Тайм-менеджмент, Подбор экспертов, Карьерное консультирование, Трудоустройство в зарубежные компании, HR-бренд, Linkedin"
17925,,,Мансур Дукузов,Agile coach,Mars,Москва,Europe/Moscow,9478,rub,0,13,,"Управление командой, Управление продуктом, Управление проектами, Kanban, Scrum, Прохождение собеседований, Agile, Управление знаниями в команде, Jira, User Story, Карьера: Поиск работы, Коучинг, Notion, SMART Цели, Trello, Miro, Развитие soft skills, People management, Масштабирование команды, Delivery managment, Карьерное консультирование, Управление организационными изменениями"
7428,zhanna_3,https://solvery.io/ru/mentor/zhanna_3,Жанна Азизова,Data Analytics Manager (ex Group Product Manager в VK),Bolt,Лисабон,Europe/London,9478,rub,0,19,,"Data Science, Управление командой, Управление продуктом, PostgreSQL, Python, SQL, Аналитика, ClickHouse, Looker, Tableau, Юнит-экономика, Growth hacking, Продуктовые метрики, Продуктовая стратегия, AdTech, FoodTech, Тестирование продуктовых гипотез"
5546,ekaterina_fadeeva,https://solvery.io/ru/mentor/ekaterina_fadeeva,Екатерина  Фадеева,Специалист по работе с блогерами,Kupibilet.ru,Москва,Europe/Moscow,9478,rub,0,5,,"Управление командой, Маркетинг, Управление проектами, Развитие карьеры, Маркетинг: стратегия, Маркетинг: инфлюенс, PR, Стартапы: продвижение, Стартапы: запуск, HealthTech, Маркетинг: исследования"
22283,doboyancev,https://solvery.io/ru/mentor/doboyancev,Дмитрий Обоянцев,CPO of B2B,Ук альфа капитал,Москва,Europe/Moscow,10000,rub,0,4,,"Управление командой, Управление продуктом, Управление проектами, Scrum, Прохождение собеседований, Мотивация команды, A/B testing, Agile, Яндекс Метрика, Управление проектным офисом, Управление организационными изменениями, Распределённая команда, Управление знаниями в команде, HR: подбор и адаптация, HR: мотивация сотрудников, HR: обучение и развитие, HR: формирование команд, CPO, Jira, Развитие карьеры, Юнит-экономика, Customer experience, Финансовое моделирование, Growth hacking, Продуктовые метрики, Продуктовая стратегия, Публичные выступления, Confluence, User Story, Тестирование продуктовых гипотез, Карьера: Поиск работы, Карьера: Составление резюме, Waterfall, SWOT, SMART Цели, Trello, Miro, UX: интервью, опросы, анкетирование, People management, Найм команды, Переговоры, Бизнес-процессы, Фасилитация, Клиентский Сервис, power BI, Бирюзовые организации, Спиральная динамика, Теория голубого океана, Жесткие переговоры, Карьерное консультирование, Трекшен проектов/стартапов"
3240,,,Александр Бобриков,Lead Product Manager,ВКонтакте,Санкт-Петербург,Europe/Moscow,10207,rub,0,5,,"Управление командой, Управление продуктом, Управление проектами, MVP, Продуктовая аналитика, Scrum, Мотивация команды, Agile, HR: формирование команд, Развитие карьеры, Продуктовые метрики, Продуктовая стратегия, Стартапы: продвижение, Стартапы: запуск, Стартапы: трекинг, Стартапы: инвестиции"
2537,vladimir_antonov,https://solvery.io/ru/mentor/vladimir_antonov,Владимир Антонов,Head of Product (Unit Lead),Авито,Москва,Europe/Moscow,10207,rub,1,15,,"Управление продуктом, Управление проектами, Продуктовая аналитика, Customer Journey Map, Scrum, Прохождение собеседований, A/B testing, Agile, Управление проектным офисом, Управление портфелем проектов, CPO, Развитие карьеры, Юнит-экономика, Customer experience, Продуктовые метрики, Продуктовая стратегия"
131,olegross,https://solvery.io/ru/mentor/olegross,Олег Бледнов,Руководитель направления,It компания ,Сочи,Europe/Moscow,10207,rub,0,5,,"Управление командой, Управление продуктом, UX, JTBD, Userflow, MVP, Продуктовая аналитика, Процессы разработки и тестирования, Архитектура процессов, Мотивация команды, Publishing Apps, A/B testing, Управление организационными изменениями, Распределённая команда, Управление знаниями в команде, Jira, Юнит-экономика, Финансовое моделирование, Продуктовые метрики, Продуктовая стратегия, Стартапы: трекинг, Lean, User Story, Коучинг: целеполагание, Стратегическое планирование, SWOT, SMART Цели, People management, Организационная структура, Бизнес-процессы, Тайм-менеджмент, Эффективность организации, Стратегическое управление, Google Tagmanager, Использование ИИ"
28000,mishacool,https://solvery.io/ru/mentor/mishacool,Михаил Бабушкин,iOS Engineer,Revolut,Порту,Europe/London,10207,rub,0,1,,"Мобильная разработка, iOS, Swift, SwiftUI, iOS SDK, XCUITest"
9374,ivolodin,https://solvery.io/ru/mentor/ivolodin,Игорь Володин,"Продуктовый стратег, ментор и коуч",,Нью-Йорк,America/New_York,10207,rub,0,0,,"Управление командой, Управление продуктом, Управление проектами, MVP, Продуктовая аналитика, Прохождение собеседований, Мотивация команды, Customer development, Продуктовая стратегия, Тестирование продуктовых гипотез, Коучинг: целеполагание, Стратегическое планирование, SMART Цели, Стратегическое управление"
23576,,,Мария Шляпникова,Руководитель направления CRM-маркетинга & CDP,E-promo,Москва,Europe/Moscow,10207,rub,0,10,,"Бизнес аналитика, Маркетинг, Управление проектами, Маркетинг: стратегия, CRM Маркетинг, Аналитика данных"
22100,chillcoding,https://solvery.io/ru/mentor/chillcoding,Никита Трофимов,Tech Lead Frontend,Тинькофф,Краснодар,Europe/Moscow,10207,rub,2,164,,"Бэкенд, Управление командой, Фронтенд, HTML, CSS, JavaScript, React, TypeScript, Python, Git, REST API, Интерфейсы, CD, CI, Vue.js, Flask, Процессы разработки и тестирования, Прохождение собеседований, ESLint, Unit Tests, Карьера: Поиск работы, Карьера: Составление резюме, OKR"
10651,alarnir,https://solvery.io/ru/mentor/alarnir,Алена Бондарчук,"COO, Бизнес-консультант",OperStratix,Москва,Europe/Moscow,10207,rub,0,7,,"Управление командой, Управление продуктом, Управление проектами, Прохождение собеседований, Управление проектным офисом, Управление портфелем проектов, Управление организационными изменениями, Распределённая команда, Управление знаниями в команде, CEO, Управление требованиями, Управление документацией, Развитие карьеры, Продуктовая стратегия, Стартапы: запуск, Стартапы: трекинг, BPMN, IT риски, Непрерывность бизнеса (ОНиВД), Управление ИТ, HealthTech, Маркетинг: анализ конкурентов, Маркетинг: оценка рынка, Карьера: Составление резюме, Стратегическое планирование, Waterfall, SWOT, SMART Цели, People management, Организационная структура, Бизнес-процессы, Децентрализованные организации, Эффективность организации, Качество продуктов и услуг, Стратегическое управление, Фасилитация, Масштабирование команды, Менеджмент Стейкхолдеров, OKR, настройка процессов в команде, ClickUp, Модерация"
8904,chvadim,https://solvery.io/ru/mentor/chvadim,Вадим Чистяков,"Senior Software engineer, iOS",ASOS,Лондон,Europe/London,10207,rub,5,66,,"Мобильная разработка, Управление командой, Управление проектами, Функциональное программирование, Network, Mobile first, UI kit, Software Engineering, Процессы разработки и тестирования, Прохождение собеседований, Gitflow, Паттерны проектирования, iOS, Swift, Xcode, Software Architecture, Управление знаниями в команде, Websockets, Jira, Развитие карьеры, Confluence, IT аудит, Карьера: Поиск работы, Карьера: Составление резюме, Карьера: Linkedin, Карьера: Релокейт, Коучинг, Найм команды"
8310,gr0m,https://solvery.io/ru/mentor/gr0m,Игорь Васильев,C++ Unreal Engine разработчик,,Казань,Europe/Moscow,10207,rub,0,51,,"Разработка игр, C++, REST API, VR, Unreal Engine"
7038,dmt_gorbatov,https://solvery.io/ru/mentor/dmt_gorbatov,Дмитрий Горбатов,Аналитик,Gazprombank,Москва,Europe/Moscow,10207,rub,0,31,,"Бизнес аналитика, Системная аналитика, Прохождение собеседований, Аналитика, Управление требованиями, Jira, Развитие карьеры, BPMN, Confluence, User Story"
5634,olepo,https://solvery.io/ru/mentor/olepo,Ольга Пономарева,Старший системный аналитик,Райффайзенбанк,Москва,Asia/Yekaterinburg,10207,rub,2,18,,"Управление продуктом, Бизнес аналитика, Системная аналитика, Базы данных, Userflow, SQL, Customer Journey Map, UML диаграммы, Управление требованиями, Проектирование интеграций, Системное проектирование, Управление документацией, BPMN, UML, User Story"
1281,qa_advisor,https://solvery.io/ru/mentor/qa_advisor,Евгений Данилов,Head of QA,Overgear,Любляна,Europe/Belgrade,10217,rub,0,0,,"Тестирование, Управление командой, Управление проектами, Тест-кейсы, Процессы разработки и тестирования, Прохождение собеседований, Архитектура процессов, Функциональное тестирование, Freelance, Управление организационными изменениями, Распределённая команда, Управление знаниями в команде"
3465,stolets,https://solvery.io/ru/mentor/stolets,Дмитрий Столец,Основатель и CEO,Aiway llp,Алматы,Asia/Omsk,10219,rub,0,7,,"Мобильная разработка, Управление продуктом, Маркетинг, Flutter, Dart, ASO"
28649,,,Александр Зайцев,Head of Business Development,Aviasales,Барселона,Europe/Madrid,10219,rub,0,0,,"Управление командой, Управление проектами, Развитие карьеры, Продажи, B2B-продажи, Бизнес-процессы, Клиентский Сервис, KPI и OKR, Партнерский маркетинг, Коммерческое предложение, Сегментация клиентов, Построение отдела продаж"
5904,andrei_morozov,https://solvery.io/ru/mentor/andrei_morozov,Андрей Морозов,Продюсер,,Москва,Europe/Moscow,10219,rub,1,23,,"Управление командой, Управление продуктом, Маркетинг, Процессы разработки и тестирования, Управление проектным офисом, Управление организационными изменениями, Продуктовые метрики, Управление ИТ, Маркетинг: исследования, Бизнес-процессы, Стратегическое управление, Масштабирование команды, OKR, Маркетинговые исследования, Исследование и сегментация ЦА, Стратегический маркетинг, Запуск стартапов"
28894,misha98857,https://solvery.io/ru/mentor/misha98857,Михаил Ефанов,Dev Tech Lead,Skyeng,Ижевск,Europe/Samara,10936,rub,0,0,,"Фронтенд, Мобильная разработка, Управление командой, Angular, Управление знаниями в команде, Управление ИТ, Промпт-инжиниринг, Использование ИИ, Запуск стартапов, HTML, JavaScript, CSS, Webpack, RxJs, NgRx, Express, Kanban, SQLite, Software Engineering, Анализ и поиск решения (bugfix), Паттерны проектирования, Мотивация команды, Freelance, GitHub, Nginx, CTO, Избыточность, Стартапы: запуск, Теория ограничений, GitLab, ИИ/AI, Low-code, No-code"
28216,chuikoff,https://solvery.io/ru/mentor/chuikoff,Константин Чуйков,Руководитель направления,Сберуниверситет,Москва,Europe/Moscow,10936,rub,0,0,,"Бэкенд, Фронтенд, HTML, CSS, JavaScript, React, Next.Js, Redux, Node.js, TypeScript, PostgreSQL, Python, SCSS, Docker, SQLite, EdTech, LLM (large language models), API запросы"
6426,antlas,https://solvery.io/ru/mentor/antlas,Антон Ласточкин,Заместитель начальника отдела,"Ао ""кт-беспилотные системы""",Санкт-Петербург,Europe/Moscow,10936,rub,0,10,,"Бэкенд, Управление продуктом, Git, C++, Clean Architecture, MVP, Linux, CD, CI, Architecture, Subversion, OpenCV, Cross-Platform, Computer Vision, TDD, UML диаграммы, Software Engineering, Процессы разработки и тестирования, Анализ и поиск решения (bugfix), CI/CD, Паттерны проектирования, Unit Tests, Qt, DDD, RaspberryPi, MQTT, OOP, Software Architecture, Системное проектирование, TCP/IP, UML, Lean"
6201,malkinpro,https://solvery.io/ru/mentor/malkinpro,Василий Малкин,Эксперт по продажам,,Сочи,Europe/Moscow,10936,rub,0,10,,"Маркетинг, Развитие карьеры, Продажи, Активные продажи, B2B-продажи"
27635,kostyurin,https://solvery.io/ru/mentor/kostyurin,Глеб Костюрин,Head of Digital Health Solutions & AI,Ингосстрах,Москва,Europe/Moscow,11000,rub,1,2,,"Управление командой, Управление продуктом, Управление проектами, JTBD, Продуктовая аналитика, Управление портфелем проектов, Управление организационными изменениями, HR: подбор и адаптация, HR: мотивация сотрудников, HR: стратегический HR, HR: формирование команд, Развитие карьеры, Юнит-экономика, Customer experience, Growth hacking, Продуктовая стратегия, Коучинг, Стратегическое планирование, UX: анализ конкурентов, UX: интервью, опросы, анкетирование, Развитие soft skills, People management, Найм команды, Переговоры, Бизнес-процессы, Тайм-менеджмент, Стратегическое управление, Фасилитация, Масштабирование команды, Нейросети, ИИ/AI, Менеджмент Стейкхолдеров, Жесткие переговоры, Карьерное консультирование"
26854,,,Денис Кашицын,Back-end Teamlead,Sptlab,Санкт-Петербург,Europe/Moscow,11228,rub,0,0,,"Бэкенд, Управление командой, Бизнес аналитика, Python, Функциональное программирование, Git, Производительность, C++, Android, Linux, CI, Subversion, Структуры данных, Прохождение собеседований, Алгоритмы, Анализ и поиск решения (bugfix), CI/CD, Системное программирование, Unit Tests, Qt, YAML, CUDA, Распределённая команда, CTO, TCP/IP, UML, Confluence, Управление ИТ, IT аудит, Дизайн Система, Коучинг: целеполагание, Переговоры, Бизнес-процессы, Тайм-менеджмент, Масштабирование команды, Многопоточность , Си, Нагрузочное тестирование, MVC, KPI и OKR, Linkedin, QTest"
16607,elenasilinskaya,https://solvery.io/ru/mentor/elenasilinskaya,Елена Силинская,Директор проектов,,Санкт-Петербург,Europe/Moscow,11374,rub,0,0,,"Управление командой, Управление проектами, Клиентский Сервис, Масштабирование команды, Фасилитация, Дизайн обучающих мероприятий, Стратегическое управление, Эффективность организации, Качество продуктов и услуг, Тайм-менеджмент, Бизнес-процессы, Организационная структура, Переговоры, Найм команды, People management, Развитие soft skills, SMART Цели, SWOT, Стратегическое планирование, Коучинг: лайф-коучинг, Коучинг: бизнес-коучинг, Коучинг: целеполагание, Коучинг, Стартапы: инвестиции, Стартапы: трекинг, Стартапы: запуск, Стартапы: продвижение, PR, HR: формирование команд, HR: обучение и развитие, CEO, Распределённая команда, Управление портфелем проектов, Customer development"
667,teamLidia,https://solvery.io/ru/mentor/teamLidia,Лидия Попова,коуч PCC ICF,,Москва,Europe/Moscow,11665,rub,0,6,,"Управление командой, Управление проектами, Управление проектным офисом, Управление портфелем проектов, Распределённая команда, Управление знаниями в команде, HR: мотивация сотрудников, HR: обучение и развитие, Развитие карьеры, Публичные выступления"
36,makar_glavanar,https://solvery.io/ru/mentor/makar_glavanar,Макар Главанарь,CTO,Solvery,Санкт-Петербург,Europe/Moscow,11665,rub,2,29,,"Управление командой, Управление продуктом, SQL, Java, REST API, CI/CD, Node.js, NestJS, Maven, JavaScript, TypeScript, React, Next.Js, Rabbitmq, PostgreSQL, MongoDB, Vite "
18924,oksana_feschenko,https://solvery.io/ru/mentor/oksana_feschenko,Оксана Гаркуша,Senior Scrum Master,Qiwi,Москва,Europe/Moscow,11665,rub,0,0,,"Управление командой, Управление продуктом, Less, Scrum, Мотивация команды, Agile, Управление знаниями в команде"
29241,turingalan,https://solvery.io/ru/mentor/turingalan,Никита Микаев,"Ex-CTO ИТ компании, 150+ сотрудников в управлении",,Барселона,Europe/Belgrade,11665,rub,0,0,,"Бэкенд, Управление командой, Управление проектами, MongoDB, PostgreSQL, Базы данных, Python, Kotlin, Java, Clean Architecture, REST API, AWS, Rabbitmq, Spring, Kanban, Scrum, Software Engineering, Прохождение собеседований, Паттерны проектирования, Software Architecture, Fintech, Kafka, ClickHouse, Redis, Kubernetes, HR: формирование команд, Развитие карьеры, Управление ИТ, IT аудит, Карьера: Поиск работы, Карьера: Составление резюме, Карьера: Linkedin, gRPC, Карьерное консультирование, Использование ИИ, Запуск стартапов, Промпт-инжиниринг"
4976,adaves,https://solvery.io/ru/mentor/adaves,Федор Ерин,Senior Data Scientist,Careem,Дубай,Asia/Dubai,11665,rub,1,84,,"Data Science, Data Engineering, Python, Git, SQL, Продуктовая аналитика, Машинное обучение, BigData, Deep Learning, Apache, Прохождение собеседований, Статистика, NLP, A/B testing, Word Embeddings, Pytorch, CNN, Transformers, RNN, Рекомендательные Системы, Аналитика, GitHub, Hadoop, Hive, Spark, Numpy, Scipy, Catboost, scikit-learn, Pandas, Torch, Snowflake, Looker, Управление знаниями в команде, Карьера: Поиск работы, Карьера: Составление резюме, Карьера: Linkedin, Карьера: Релокейт, Нейросети, Аналитика данных"
27814,,,Никита Наумов,Global Director of Business Vertical,Indrive,Лимассол,Europe/Moscow,11665,rub,0,0,,"Управление продуктом, Управление командой, Бизнес аналитика, Продуктовая стратегия, Тестирование продуктовых гипотез, Продуктовая аналитика, Продуктовые метрики, Юнит-экономика, Amplitude, Google analytics, No-code, Low-code, ChatGPT, Финансовое моделирование, Google Tagmanager"
26776,polinacares,https://solvery.io/ru/mentor/polinacares,Полина Доос,CXO | Директор по клиентскому опыту,Giftery,Санкт-Петербург,Europe/Moscow,11665,rub,0,0,,"Управление командой, Управление проектами, Мотивация команды, Customer development, Управление организационными изменениями, Распределённая команда, HR: формирование команд, Развитие карьеры, Customer experience, SMART Цели, Построение контакт-центра, People management, Найм команды, Организационная структура, Бизнес-процессы, Тайм-менеджмент, Клиентский Сервис, настройка процессов в команде, CJM, Карьерное консультирование, СХ Аналитика, Использование ИИ"
26140,sribyanik,https://solvery.io/ru/mentor/sribyanik,Юлия Срибяник,Head of User growth,Авито,Москва,Europe/Moscow,11665,rub,1,6,,"Управление командой, Управление продуктом, Маркетинг, JTBD, Customer Journey Map, Мотивация команды, Маркетинг: стратегия, Маркетинг: процессы, Маркетинг: найм, Маркетинг: анализ конкурентов, Маркетинг: сегментация, Маркетинг: персоны, Email Маркетинг, CRM Маркетинг, CJM, Маркетинговая аналитика"
23329,olga_permyakova,https://solvery.io/ru/mentor/olga_permyakova,Ольга Пермякова,"Консультант по маркетингу и стратегии (ex. CMO Skyeng, Ingate, ГК Softline: Aflex, Robovoice)",Tech-компании,Москва,Europe/Moscow,11665,rub,1,14,,"Управление командой, Маркетинг, Customer Journey Map, Прохождение собеседований, Мотивация команды, Развитие карьеры, Юнит-экономика, Growth hacking, Маркетинг: стратегия, Маркетинг: процессы, Маркетинг: найм, Маркетинг: трекинг, Стартапы: продвижение, Стартапы: трекинг, EdTech, Маркетинг: исследования, Маркетинг: сегментация, Карьера: Составление резюме, People management, Масштабирование команды, Ценностное предложение, Стратегический маркетинг, Операционный маркетинг , Позиционирование на рынке, B2B-маркетинг, Сегментация клиентов"
20966,elenakotina,https://solvery.io/ru/mentor/elenakotina,Елена Тупикова,"CPO, бизнес-коуч, ментор менеджеров и стартапов",Яндекс,Москва,Europe/Moscow,11665,rub,3,20,,"Управление командой, Управление продуктом, Управление проектами, JTBD, MVP, Customer Journey Map, Kanban, Scrum, Процессы разработки и тестирования, Прохождение собеседований, Мотивация команды, Customer development, Agile, Управление проектным офисом, Распределённая команда, Управление знаниями в команде, HR: подбор и адаптация, HR: обучение и развитие, HR: формирование команд, CPO, Развитие карьеры, Продуктовые метрики, Продуктовая стратегия, User Story, Тестирование продуктовых гипотез, Коучинг, Коучинг: лайф-коучинг, Коучинг: бизнес-коучинг, Коучинг: целеполагание, Стратегическое планирование, Найм команды, Оценка эффективности организации, CJM, Карьерное консультирование"
9866,averyanova_anna,https://solvery.io/ru/mentor/averyanova_anna,Анна Аверьянова,Chief Marketing Officer (CMO),Beautyliner Group,Москва ,Europe/Moscow,11665,rub,0,47,,"Управление командой, Управление продуктом, Маркетинг, Scrum, Маркетинг: стратегия, Маркетинг: процессы, Маркетинг: контент, Маркетинг: инфлюенс, Продажи, Маркетинг: исследования, Маркетинг: анализ конкурентов, Маркетинг: персоны, Маркетинговый аудит, Таргетированная реклама: VK, Таргетированная реклама: Instagram, ChatGPT, smm, KPI и OKR"
5393,over_chernova,https://solvery.io/ru/mentor/over_chernova,Екатерина Чернова,Наставник ,,Новосибирск,Asia/Bangkok,11665,rub,8,138,,"Управление командой, Управление продуктом, Управление проектами, Less, MVP, Продуктовая аналитика, Customer Journey Map, Подготовка технических докладов, Kanban, Scrum, Процессы разработки и тестирования, Прохождение собеседований, A/B testing, Аналитика, Customer development, Agile, Управление организационными изменениями, Распределённая команда, Управление знаниями в команде, HR: мотивация сотрудников, CPO, Управление документацией, Менеджмент 3.0, Развитие карьеры, Юнит-экономика, Customer experience, Продуктовая стратегия, Маркетинг: трекинг, Публичные выступления, Стартапы: продвижение, Стартапы: запуск, Стартапы: трекинг, Confluence, Построение системы менторинга, Lean, Продажи, IT риски, Управление ИТ, IT аудит, User Story, Маркетинг: анализ конкурентов, Тестирование продуктовых гипотез, Маркетинг: сегментация, Тайм-менеджмент, Эффективность организации, Фасилитация, Масштабирование команды"
1183,asychev,https://solvery.io/ru/mentor/asychev,Александр Сычев,Руководитель разработки,Яндекс.такси,Москва,Europe/Moscow,11957,rub,0,196,,"Мобильная разработка, Управление командой, Управление проектами, Clean Architecture, Module architecture, Подготовка технических докладов, Процессы разработки и тестирования, Прохождение собеседований, CI/CD, Паттерны проектирования, iOS, Swift, Xcode, Мотивация команды, Publishing Apps, Software Architecture, Управление организационными изменениями, Управление знаниями в команде, Публичные выступления, Построение системы менторинга, Дизайн систем, настройка процессов в команде, iOS SDK, MVC, Delivery managment, Развитие личного бренда, XCUITest"
24573,vlselivanov,https://solvery.io/ru/mentor/vlselivanov,Владимир Селиванов,CTO,platferrum.ru,Новосибирск,Asia/Krasnoyarsk,13123,rub,0,0,,"DevOps, Бэкенд, Управление командой, Базы данных, Kanban, Scrum, Maven, Автоматизация тестирования, Процессы разработки и тестирования, Spring Framework, CI/CD, Мотивация команды, Yandex.Cloud, Agile, GraphQL, Распределённая команда, Управление знаниями в команде, CTO, HR: мотивация сотрудников, HR: внутренняя коммуникация и корпоративная культура, Управление ИТ, Развитие soft skills, People management, Переговоры, Тайм-менеджмент, Масштабирование команды, Аналитика данных, datalens, BI-системы, Kibana"
22432,vkatsman,https://solvery.io/ru/mentor/vkatsman,Виктор Кацман,"CEO Inream, ex-Yandex, PhD",,Хайфа,Asia/Jerusalem,13123,rub,0,0,,"Data Science, Управление продуктом, Системная аналитика, PostgreSQL, JTBD, Производительность, C++, Kotlin, Java, MVP, Продуктовая аналитика, OpenCV, Прохождение собеседований, NLP, CNN, FCNN, Рекомендательные Системы, Аналитика, UX: анализ конкурентов, Аналитика данных"
5282,znbiz,https://solvery.io/ru/mentor/znbiz,Алексей Некрасов,Руководитель Центра архитектуры,MWS AI,Москва,Europe/Moscow,14000,rub,0,27,,"Бэкенд, Управление командой, Системная аналитика, Python, Git, SQL, Производительность, REST API, Доступность сайтов, Docker, CD, CI, Microservices, Architecture, Gitflow, CI/CD, Архитектура процессов, Паттерны проектирования, СУБД, UML, large language model (LLM), LLM (large language models)"
159,andrey_rychkov,https://solvery.io/ru/mentor/andrey_rychkov,Андрей Рычков,Chief Technology Officer,Aesty AI,Лос-Анджелес,America/Los_Angeles,14582,rub,2,42,,"Мобильная разработка, iOS, Swift"
1890,n_ashanin,https://solvery.io/ru/mentor/n_ashanin,Николай Ашанин,co-founder & CTO ,Sprouty AI,Санкт-Петербург,Europe/Moscow,14582,rub,0,7,,"Управление командой, Software Engineering, Мотивация команды, Software Architecture, Управление организационными изменениями"
1033,aleksandrvasilev,https://solvery.io/ru/mentor/aleksandrvasilev,Александр Васильев,🚀 Head of Data Science | Карьерный коуч (ICF),Crimtan.com,Санкт-Петербург,Europe/Brussels,14582,rub,3,20,,"Управление командой, Data Science, Машинное обучение, Прохождение собеседований, Мотивация команды, Распределённая команда, Развитие карьеры, Управление ИТ, Карьера: Поиск работы, Карьера: Составление резюме, Карьера: Релокейт, Коучинг, Коучинг: лайф-коучинг, Коучинг: бизнес-коучинг, Коучинг: целеполагание, Стратегическое планирование, Развитие soft skills, People management, Найм команды, Переговоры, Бизнес-процессы, Стратегическое управление, Масштабирование команды, ИИ/AI, настройка процессов в команде, Карьерное консультирование, Релокация, Позиционирование на рынке, Трудоустройство в зарубежные компании"
134,ivan_tolstov,https://solvery.io/ru/mentor/ivan_tolstov,Иван Толстов,Staff/Senior Software Engineer,Suki AI inc.,Сан-Франциско,America/Denver,14582,rub,0,49,,"Управление командой, Управление продуктом, Фронтенд, HTML, CSS, JavaScript, SVG, Canvas, React, Redux, Node.js, Express, TypeScript, Интерфейсы, Module architecture, БЭМ, Кроссбраузерная оптимизаци, Mobile first, UI kit, Cross-Platform, Процессы разработки и тестирования, Прохождение собеседований, Gitflow, Верстка, Анимации JS, Electron, ESLint, WebdriverIO, Развитие карьеры, HealthTech, Карьера: Поиск работы, Карьера: Составление резюме, Карьера: Linkedin, Карьера: Релокейт, Tailwind, ИИ/AI"
29005,sabbakumov,https://solvery.io/ru/mentor/sabbakumov,Семен Аббакумов,Ecommerce Директор,Тануки,Москва,Europe/Moscow,14582,rub,0,0,,"Управление проектами, Управление командой, Маркетинг, Customer Journey Map, Архитектура процессов, Финансовое моделирование, Стартапы: запуск, FoodTech, Карьера: Поиск работы, Коучинг, Стратегическое планирование, SWOT, SMART Цели, UX: юзабилити аудит, People management, Организационная структура, Бизнес-процессы, Децентрализованные организации, Стратегическое управление, Brand-management, Фасилитация, Масштабирование команды, Брэнд-менеджмент , Клиентский Сервис, Маркетплейсы, настройка процессов в команде, Avito, Подбор экспертов, Прототипирование, Ценностное предложение, Финансовый анализ, Delivery managment, Оценка эффективности организации, Карьерное консультирование, Оценка рынка, Trade маркетинг, Юзабилити аудит, Коммуникационная стратегия, Запуск стартапов, Упаковка проекта"
5361,jjkaate,https://solvery.io/ru/mentor/jjkaate,Александр Шурлыгин,Head of Design и карьерный ментор,Vk Video,Санкт-Петербург,Europe/Moscow,14582,rub,0,18,,"Управление командой, Управление продуктом, Дизайн, Дизайн-стратегия, Прохождение собеседований, Карьера: Поиск работы, Карьера: Составление резюме, Карьера: Linkedin, Стратегическое планирование, SMART Цели, Miro, UX: юзабилити аудит, Развитие soft skills, People management, Найм команды, Фасилитация, настройка процессов в команде, Карьерное консультирование, Использование ИИ"
28626,mnemchenko,https://solvery.io/ru/mentor/mnemchenko,Максим Немченко,Chief Solutions and Technology Architect,,Ереван,Asia/Yerevan,14582,rub,0,0,,"DevOps, Бэкенд, Управление командой, Базы данных, C#, Python, Git, SQL, Производительность, Clean Architecture, MVP, REST API, Module architecture, Docker, AWS, CD, CI, Машинное обучение, Rabbitmq, Microservices, Architecture, BigData, ETL, Перфоманс и скорость загрузки, Deploy, Scrum"
28419,,,Людмила Кожевникова,"Управляющий партнер, co-Founder",Aitronica,Москва,Europe/Moscow,14582,rub,0,0,,"Управление командой, Бизнес аналитика, Управление проектами, Процессы разработки и тестирования, Управление ИТ, Развитие soft skills, Бизнес-процессы, Нейросети, ChatGPT, Использование ИИ, AI-анализ"
21323,marina_feder,https://solvery.io/ru/mentor/marina_feder,Марина  Федер,Brand&Marketing Communication,WhiteLeo,Санкт-Петербург ,Etc/GMT,14582,rub,0,0,,"Управление командой, Управление продуктом, Маркетинг, Бренд-менеджмент, Маркетинговые исследования, Развитие личного бренда, Позиционирование на рынке, Трекшен проектов/стартапов, Коммуникационная стратегия, Запуск стартапов, Упаковка проекта, Привлечение инвестиций"
4659,imakarov,https://solvery.io/ru/mentor/imakarov,Игорь Макаров,Principal Product Manager,Navio,Москва,Europe/Moscow,14582,rub,8,25,,"Управление командой, Управление продуктом, Продуктовая аналитика, Продуктовые метрики, Продуктовая стратегия, Стартапы: запуск"
26889,yuriy_ostrikov,https://solvery.io/ru/mentor/yuriy_ostrikov,Юрий Остриков,Senior Product Manager,Авито,Москва,Europe/Moscow,14582,rub,0,0,,"Управление продуктом, Управление командой, Управление проектами, Tilda, Айдентика, Тайм-менеджмент, Продуктовая аналитика, Продуктовые метрики, Продуктовая стратегия, Тестирование продуктовых гипотез, Управление портфелем проектов, Управление ИТ, Трекшен проектов/стартапов, Финансовое моделирование, Growth hacking, Публичные выступления, Мотивация команды, Масштабирование команды, Распределённая команда, UX, Маркетинг: исследования, Маркетинговые исследования, Исследование и сегментация ЦА, Аналитика, Аналитика данных, Сегментация клиентов"
25971,aleksei_prikhodko,https://solvery.io/ru/mentor/aleksei_prikhodko,Алексей Приходько,Senior MLE,inworld.ai,Ванкувер,America/Vancouver,14582,rub,1,5,,"Data Science, Управление продуктом, Python, MVP, Машинное обучение, Deep Learning, NLP, Dialog systems, Chat bots, Pytorch, Transformers, ИИ/AI, Аналитика данных, large language model (LLM), LLM (large language models)"
8265,ozeranskii,https://solvery.io/ru/mentor/ozeranskii,Сергей Озеранский,Principal Engineer,EX CORP.,Валенсия,Europe/Madrid,14582,rub,0,2,,"DevOps, Бэкенд, Управление командой, MongoDB, PostgreSQL, Python, Clean Architecture, Docker, TDD, CI/CD, GitlabCI, DDD, GCP, Software Architecture, Kubernetes, Системное проектирование, Дизайн систем"
25684,alina_moroz,https://solvery.io/ru/mentor/alina_moroz,Алина Морозовская,Chief Product Officer,Product Sprint,Buenos Aires,America/Argentina/Buenos_Aires,14582,rub,0,0,,"Управление командой, Управление продуктом, Управление проектами, JTBD, MVP, Customer Journey Map, Kanban, Scrum, Customer development, CEO, CPO, Управление требованиями, Управление документацией, Jira, Развитие карьеры, Продуктовая стратегия, Стартапы: продвижение, Стартапы: запуск, User Story, Тестирование продуктовых гипотез, Маркетинг: персоны, Карьера: Поиск работы, SWOT, Бирюзовые организации, CJM, Исследование и сегментация ЦА, Сегментация клиентов, Senior Product Manager, Productboard"
24827,mysticalar,https://solvery.io/ru/mentor/mysticalar,Артем Пятницкий,Перфоманс-маркетолог,ARTY Agency,Буэнос-Айрес,America/Argentina/Buenos_Aires,14582,rub,0,0,,"Управление продуктом, Маркетинг, Управление проектами, Продуктовая аналитика, Аналитика, Проектирование интеграций, Стартапы: продвижение, Маркетинг: анализ конкурентов, CRM Маркетинг, UX: анализ конкурентов, Таргетированная реклама: VK, Таргетированная реклама: Facebook, Таргетированная реклама: Instagram, Аналитика данных, UX: лендинги, лендинги, amo crm, Анализ конкурентов, Партнерский маркетинг, Маркетинговая аналитика, B2B-маркетинг, Проектирование рекламных интеграций, Контент-маркетинг, Amocrm, Маркетинговая коммуникация"
24058,vlzybarev,https://solvery.io/ru/mentor/vlzybarev,Владислав Зыбарев,CPO,Qugo,Санкт-Петербург,Europe/Moscow,14582,rub,9,63,,"Управление командой, Управление продуктом, HR, Продуктовая аналитика, Мотивация команды, Fintech, HR: обучение и развитие, CPO, Развитие карьеры, Продуктовые метрики, Продуктовая стратегия, EdTech, Тестирование продуктовых гипотез, Карьера: Поиск работы, Карьера: Составление резюме, Карьера: Linkedin, Развитие soft skills, Найм команды, Качество продуктов и услуг, Масштабирование команды, настройка процессов в команде, Развитие личного бренда, Senior Product Manager, Управление образовательным продуктом"
22999,pavelbogush,https://solvery.io/ru/mentor/pavelbogush,Павел Богуш,CEO,,Москва,Europe/Moscow,14582,rub,0,0,,"Управление командой, Управление проектами, HR, Мотивация команды, Управление организационными изменениями, Распределённая команда, Управление знаниями в команде, HR: подбор и адаптация, HR: мотивация сотрудников, HR: обучение и развитие, HR: внутренняя коммуникация и корпоративная культура, HR: формирование команд, People management, Найм команды, Организационная структура, Эффективность организации, настройка процессов в команде"
22356,ipodm,https://solvery.io/ru/mentor/ipodm,Илья По,Product owner,Ивент Кухня,Санкт Петербург,Europe/Moscow,14582,rub,11,41,,"Управление командой, Управление продуктом, Маркетинг, Развитие карьеры, Маркетинг: стратегия, Карьера: Поиск работы, Стратегическое планирование, Найм команды, Ценностное предложение, Карьерное консультирование, Развитие личного бренда, Event-маркетинг , Маркетинговая коммуникация"
22152,vasilevp,https://solvery.io/ru/mentor/vasilevp,Павел Васильев,Head of CRM,Mokka,Москва,Europe/Moscow,14582,rub,0,1,,"Маркетинг, Tilda, Customer Journey Map, Mobile first, Push Notifications, A/B testing, Аналитика, Продуктовые метрики, Маркетинг: стратегия, Маркетинг: найм, Маркетинг: контент, Маркетинг: исследования, Тестирование продуктовых гипотез, Маркетинг: сегментация, Маркетинг: персоны, Email Маркетинг, CRM Маркетинг, Маркетинговый аудит, Trello"
20719,yana_zhezher,https://solvery.io/ru/mentor/yana_zhezher,Яна Жежер,Data scientist,YnP ME,Абу-Даби,Asia/Dubai,14582,rub,0,7,,"Data Science, Управление проектами, Python, LaTeX, Git, SQL, Машинное обучение, Tensorflow, Deep Learning, Kanban, Scrum, Прохождение собеседований, Classification, Clustering, Sklearn, A/B testing, Рекомендательные Системы, Numpy, Scipy, scikit-learn, Pandas, Torch, Jira, Confluence, Карьера: Поиск работы, Карьера: Составление резюме, Карьера: Linkedin, ИИ/AI, BigQuery, large language model (LLM)"
6021,shchurik,https://solvery.io/ru/mentor/shchurik,Дарья Щурик,VP of Growth & Product,Greeneration,Москва,Europe/Moscow,14582,rub,0,13,,"Управление командой, Управление продуктом, UX, JTBD, Продуктовая аналитика, Customer Journey Map, A/B testing, Customer development, Юнит-экономика, Customer experience, Продуктовые метрики, Продуктовая стратегия, Стартапы: запуск, Стартапы: трекинг, Продажи, B2B-продажи, EdTech, User Story, Тестирование продуктовых гипотез"
5558,s_voskoboinikov,https://solvery.io/ru/mentor/s_voskoboinikov,Сергей Воскобойников,CPO,Wildberries,Санкт-Петербург,Europe/Moscow,14582,rub,0,1,,"Управление командой, Управление продуктом, Маркетинг, MVP, Kanban, Scrum, Customer development, Agile, CPO, Развитие карьеры, Юнит-экономика, Customer experience, Продуктовые метрики, Продуктовая стратегия, Стартапы: запуск, Стартапы: трекинг, Lean, Управление ИТ, Тестирование продуктовых гипотез"
26833,shamil_ai,https://solvery.io/ru/mentor/shamil_ai,Шамиль Камалиев,Эксперт по внедрению AI в бизнес,Core8,Москва,Asia/Yekaterinburg,14800,rub,0,0,,"Управление продуктом, Управление проектами, MVP, Scrum, Процессы разработки и тестирования, Архитектура процессов, Продуктовая стратегия, Стартапы: запуск, Бизнес-процессы, Нейросети, ИИ/AI, ChatGPT, Использование ИИ"
24296,adov,https://solvery.io/ru/mentor/adov,Aaron Dov Malkin,Golang developer,Product company (NDA),Иерусалим,Asia/Tbilisi,15327,rub,0,0,,"Бэкенд, Фронтенд, HTML, CSS, JavaScript, SVG, Webpack, Parcel, React, Next.Js, Nuxt.js, Redux, Node.js, Express, TypeScript, MongoDB, PostgreSQL, Java, Интерфейсы, БЭМ, Vue.js, Алгоритмы, Svelte, ESLint"
3228,kucev,https://solvery.io/ru/mentor/kucev,Роман Куцев,Founder,LLM Arena,Москва,Europe/Moscow,15328,rub,0,3,,"Управление командой, Управление продуктом, Data Science, MVP, Машинное обучение, Подготовка технических докладов, Computer Vision, CEO, CTO, Юнит-экономика, Стартапы: продвижение, Стартапы: запуск, Стартапы: трекинг, Стартапы: инвестиции, Построение системы менторинга, Коучинг, Коучинг: бизнес-коучинг, Коучинг: целеполагание, Найм команды, Переговоры, Бизнес-процессы, Стратегическое управление, Нейросети, large language model (LLM), настройка процессов в команде, Оценка рынка, Развитие личного бренда, Позиционирование на рынке, LLM (large language models), Фандрейзинг, Модерация, Использование ИИ, Запуск стартапов, Венчур, Фандрайзинг, Привлечение инвестиций"
7842,snknrv,https://solvery.io/ru/mentor/snknrv,Сергей Никоноров,Управляющий директор,Amdg,Москва,Europe/Moscow,15328,rub,0,27,,"Маркетинг, HR, Управление командой, HR: обучение и развитие, HR: формирование команд, Продуктовая стратегия, Маркетинг: стратегия, Маркетинг: процессы, Маркетинг: найм, Маркетинг: трекинг, Маркетинг: контент, Маркетинг: инфлюенс, Продажи, Активные продажи, B2B-продажи, Маркетинг: исследования, Маркетинг: анализ конкурентов, Маркетинг: оценка рынка, Маркетинг: сегментация, Маркетинг: персоны, Email Маркетинг, CRM Маркетинг, Стратегическое планирование, Маркетинговый аудит, Качество продуктов и услуг"
26354,anatolyseregin,https://solvery.io/ru/mentor/anatolyseregin,Анатолий Серёгин,CEO,Tolk IT,Москва,Europe/Moscow,15328,rub,0,0,,"Управление командой, Управление продуктом, Управление проектами, JavaScript, React, PHP, PostgreSQL, Python, Git, Производительность, Доступность сайтов, Docker, MySQL, Django, MS SQL, Cистемное администрирование, Мотивация команды, Redis, Битрикс24, 1С-Битрикс, Распределённая команда, Управление знаниями в команде, Кластер серверов 1С, Администрирование 1С, Linux администрирование, Memcached, MariaDB"
28698,maxim_tanevskiy,https://solvery.io/ru/mentor/maxim_tanevskiy,Максим Таневский,Chief Business Officer,Ex-human,Лондон,Europe/Istanbul,16769,rub,0,0,,"Управление командой, Управление продуктом, Маркетинг, Дизайн-стратегия, Growth hacking, Продуктовая стратегия, Маркетинг: стратегия, Стартапы: продвижение, Стартапы: запуск, Стартапы: трекинг, Продажи, Активные продажи, B2B-продажи, Стратегическое планирование, Стратегическое управление, Оценка рынка, Позиционирование на рынке, Трекшен проектов/стартапов, Построение отдела продаж, Запуск стартапов"
4360,a_gagai,https://solvery.io/ru/mentor/a_gagai,Александр Гагай,COO,01.tech,Мадрид,Europe/Madrid,17498,rub,6,138,,"Управление продуктом, Управление проектами, Бизнес аналитика, Kanban, Scrum, Процессы разработки и тестирования, Архитектура процессов, Управление проектным офисом, Управление портфелем проектов, IT риски, Непрерывность бизнеса (ОНиВД), Управление ИТ, IT аудит"
9619,kutrsev,https://solvery.io/ru/mentor/kutrsev,Артур Курцев,"Бренд-стратег, Директор по маркетингу",,Москва,Europe/Moscow,17498,rub,0,0,,"Бизнес аналитика, Маркетинг, Управление проектами, Style guide, Customer development, Продуктовая стратегия, Маркетинг: стратегия, Маркетинг: контент, Маркетинг: инфлюенс, PR, Стартапы: продвижение, EdTech, Маркетинг: исследования, Маркетинг: оценка рынка, Маркетинг: сегментация, Карьера: Составление резюме, Стратегическое планирование, Маркетинговый аудит, SWOT, Развитие soft skills, Бренд-менеджмент, Развитие личного бренда, HR-бренд, Коммуникационная стратегия"
3694,mr_powerlifter,https://solvery.io/ru/mentor/mr_powerlifter,Владислав Носковец,ex-Lead Product Manager,Тинькофф,Санкт-Петербург,Europe/Moscow,20414,rub,0,43,,"Управление командой, Управление продуктом, Управление проектами, MVP, Kanban, Scrum, Прохождение собеседований, Мотивация команды, Customer development, Техническое задание, Agile, Распределённая команда, Управление знаниями в команде, CPO, Развитие карьеры, Продуктовые метрики, Продуктовая стратегия, EdTech, Карьера: Поиск работы, Карьера: Составление резюме, Карьера: Linkedin, Карьера: Релокейт, Стратегическое планирование, Trello, Развитие soft skills, People management, Найм команды, Тайм-менеджмент, Качество продуктов и услуг, Стратегическое управление, Масштабирование команды, Управление образовательным продуктом"
23859,art,https://solvery.io/ru/mentor/art,Артем Ковчик,Co-Founder & COO,Honey Badger Games,Санкт-Петербург,Europe/Moscow,20414,rub,0,1,,"Разработка игр, Управление продуктом, Маркетинг, Unity, HyperCasual, Midcore, Casual, Indie, Android, MVP, Продуктовая аналитика, Customer Journey Map, Машинное обучение, Процессы разработки и тестирования, Прохождение собеседований, iOS, Мотивация команды, In App Purchases, Publishing Apps, Аналитика, Техническое задание, Распределённая команда, Управление знаниями в команде, CEO, CPO, Юнит-экономика, Customer experience, Growth hacking, Продуктовые метрики, Продуктовая стратегия, Маркетинг: стратегия, Маркетинг: процессы, Маркетинг: трекинг, Маркетинг: контент, Публичные выступления, Стартапы: продвижение, Стартапы: запуск, Стартапы: трекинг, Стартапы: инвестиции, B2B-продажи, Управление ИТ, Маркетинг: исследования, Маркетинг: анализ конкурентов, Маркетинг: оценка рынка, Тестирование продуктовых гипотез, Маркетинг: сегментация, Стратегическое планирование, Маркетинговый аудит, SWOT, UX: анализ конкурентов, UX: юзабилити аудит, Переговоры, Бизнес-процессы, Тайм-менеджмент, Кейс-менеджмент, Эффективность организации, Стратегическое управление, Brand-management, Game Design, Прототипирование, Ценностное предложение, Жесткие переговоры, Оценка эффективности организации, Карьерное консультирование, Анализ конкурентов, Маркетинговые исследования, Исследование и сегментация ЦА, Позиционирование на рынке, Маркетинговая аналитика, B2B-маркетинг, Senior Product Manager, Cобеседование на английском языке, Linkedin, Asana, App Store, Разработка технической документации"
28124,artem_prikhoda,https://solvery.io/ru/mentor/artem_prikhoda,Артем Прихода,CEO/Founder,,Москва,Europe/Moscow,21872,rub,0,0,,"Управление командой, Управление продуктом, Управление проектами, Network, Управление знаниями в команде, Публичные выступления, Стартапы: запуск, Стартапы: инвестиции, B2B-продажи, Управление ИТ, Коучинг: бизнес-коучинг, Стратегическое планирование, Переговоры, Бизнес-процессы, Стратегическое управление, Нейросети, ИИ/AI, Теория голубого океана, Гранты получение, Трекшен проектов/стартапов, Привлечение инвестиции, Использование ИИ, Запуск стартапов, Упаковка проекта"
8938,serge_koloskov,https://solvery.io/ru/mentor/serge_koloskov,Сергей Колосков,"Предприниматель, СЕО",Product market Lab,"Москва, Алматы ",Europe/Samara,21872,rub,0,2,,"Управление продуктом, Управление проектами, MVP, Продуктовая аналитика, Customer Journey Map, Аналитика, Customer development, Юнит-экономика, Customer experience, Продуктовые метрики, Продуктовая стратегия, Тестирование продуктовых гипотез, UX: синтез персонажей, UX: разработка сценариев, UX: интервью, опросы, анкетирование, UX: карточная сортировка , Качество продуктов и услуг"
27752,kstepanenko,https://solvery.io/ru/mentor/kstepanenko,Константин Степаненко,CEO bnovo.ru,,Москва,Europe/Moscow,21872,rub,0,0,,"Управление командой, Управление продуктом, Мотивация команды, Продуктовая стратегия, Тестирование продуктовых гипотез, Масштабирование команды"
24989,le_gruber,https://solvery.io/ru/mentor/le_gruber,Илья Грубер,Product Cluster Lead,Авито,Москва,Europe/Moscow,21872,rub,0,3,,"Управление командой, Управление продуктом, Управление проектами, UX, JTBD, Userflow, MVP, Продуктовая аналитика, Customer Journey Map, Mobile first, Kanban, Scrum, Прохождение собеседований, Мотивация команды, A/B testing, Аналитика, Customer development, Распределённая команда, Управление знаниями в команде, CEO, HR: подбор и адаптация, HR: мотивация сотрудников, HR: обучение и развитие, HR: формирование команд, CPO, Развитие карьеры, Юнит-экономика, Customer experience, Growth hacking, Продуктовые метрики, Продуктовая стратегия, Публичные выступления, Стартапы: продвижение, Стартапы: запуск, Стартапы: трекинг, Управление ИТ, EdTech, FoodTech, User Story, Маркетинг: исследования, Маркетинг: анализ конкурентов, Маркетинг: оценка рынка, Тестирование продуктовых гипотез, Маркетинг: сегментация, Карьера: Поиск работы, Карьера: Составление резюме, Коучинг, Коучинг: лайф-коучинг, Коучинг: бизнес-коучинг, Коучинг: целеполагание, Стратегическое планирование, SMART Цели, UX: анализ конкурентов, UX: разработка сценариев, UX: интервью, опросы, анкетирование, Развитие soft skills, People management, Найм команды, Организационная структура, Бизнес-процессы, Тайм-менеджмент, Качество продуктов и услуг, Дизайн обучающих мероприятий, Фасилитация, Масштабирование команды, Маркетплейсы, Менеджмент Стейкхолдеров, UX: настройка процессов в команде, excel, Ozon, Avito, KPI и OKR, Прототипирование, Ценностное предложение, CJM, Карьерное консультирование, Анализ конкурентов, Оценка рынка, Исследование и сегментация ЦА, Теория Вероятности"
26770,oksana_edtech,https://solvery.io/ru/mentor/oksana_edtech,Оксана Ананенкова,🚀  Ментор по системному росту продаж и выручки в EdTech | CCO | ex. Head of Sales Skyeng,Skyeng,Пхукет,Asia/Bangkok,21872,rub,0,0,,"Управление командой, Мотивация команды, Развитие карьеры, Growth hacking, Продуктовая стратегия, Продажи, Активные продажи, B2B-продажи, EdTech, People management, Бизнес-процессы, Качество продуктов и услуг, Масштабирование команды, Коммерческое предложение, Построение отдела продаж, Управление образовательным продуктом"
17584,arthur_saprykin,https://solvery.io/ru/mentor/arthur_saprykin,Артур Сапрыкин,"CEO & Founder, Lead Data scientist",Маглося,Москва,Europe/Moscow,21872,rub,0,5,,"Data Science, Управление проектами, Системная аналитика, PostgreSQL, Python, Машинное обучение, Tensorflow, Подготовка технических докладов, OpenCV, OpenVino, Computer Vision, Deep Learning, Классификация изображений, Структуры данных, NLU, BERT, Dialog systems, Chat bots, NER, Paraphrase detection, Text generation, Sentiment analysis, Classification, Clustering, Word Embeddings, Pytorch, CNN, FCNN, Text Features, Transformers, RNN, Рекомендательные Системы, Аналитика, Numpy, Scipy, Catboost, scikit-learn, Pandas, Torch, Техническое задание, CUDA, Tensorflow C API, Нейросети, ИИ/AI"
5610,maks_meta,https://solvery.io/ru/mentor/maks_meta,Максим Яцкевич,Founder & CEO,Психология продукта,Москва,Europe/Moscow,21872,rub,0,3,,"Управление командой, Управление продуктом, Маркетинг, MVP, Упаковка, Customer Journey Map, Мотивация команды, Customer development, Agile, Управление портфелем проектов, Управление организационными изменениями, HR: мотивация сотрудников, CPO, Юнит-экономика, Growth hacking, Продуктовые метрики, Продуктовая стратегия, Маркетинг: трекинг, Публичные выступления, Стартапы: запуск, Стартапы: трекинг, Теория ограничений, B2B-продажи, Коучинг, Коучинг: бизнес-коучинг, Стратегическое планирование, People management, Переговоры, Организационная структура, Тайм-менеджмент, Стратегическое управление, Фасилитация, Менеджмент Стейкхолдеров, OKR, Ценностное предложение, Спиральная динамика, Анализ конкурентов, Оценка рынка, Стратегический маркетинг"
22184,stina_ai,https://solvery.io/ru/mentor/stina_ai,Кристина Заболоцкая,Founder & CEO,Wetalent.AI,Абу-Даби,Asia/Dubai,25547,rub,0,1,,"Управление командой, Управление продуктом, Бизнес аналитика, MVP, Юнит-экономика, Финансовое моделирование, Growth hacking, Продуктовая стратегия, Маркетинг: стратегия, Стартапы: продвижение, Стартапы: запуск, Стартапы: трекинг, Стартапы: инвестиции, Продажи, B2B-продажи, Управление ИТ, Стратегическое управление, ИИ/AI"
2446,yanvit,https://solvery.io/ru/mentor/yanvit,Виталий Янко,Управляющий партнер,Softwarelead.pro,Санкт-Петербург,Europe/Moscow,26247,rub,0,1,,"Управление командой, Управление продуктом, Маркетинг, Growth hacking, Продуктовые метрики, Продуктовая стратегия, Маркетинг: стратегия, Маркетинг: найм, PR, Стартапы: продвижение, Стартапы: запуск, Стартапы: трекинг, Стартапы: инвестиции, ASO, B2B-продажи, Маркетинг: анализ конкурентов, Маркетинговый аудит"
2378,antonkonokhov,https://solvery.io/ru/mentor/antonkonokhov,Антон Конохов,Директор по продуктам и технологическому развитию,Финтехмаркет,Екатеринбург,Asia/Aqtobe,36454,rub,3,63,,"Управление продуктом, Управление проектами, CPO"
2809,avatarsik,https://solvery.io/ru/mentor/avatarsik,Владислав Годлевский,Senior Frontend Developer,Oil and Gas Production Tools,Санкт-Петербург,Europe/Moscow,2916,rub,3,80,,"Фронтенд, HTML, CSS, JavaScript, Sass, Webpack, Parcel, React, Redux, Pug, TypeScript, БЭМ, MobX, ESLint"
2784,rookonroad,https://solvery.io/ru/mentor/rookonroad,Илья Цыденов,Team Lead,Sputnik dev,Тюмень,Asia/Yekaterinburg,2916,rub,1,147,,"Бэкенд, PostgreSQL, SQL, Java, REST API, Docker, Microservices, Spring Boot, Прохождение собеседований, Kafka"
996,olyashka_p,https://solvery.io/ru/mentor/olyashka_p,Ольга Подольцева,Middle Unity Developer,Moonwell games,Москва,Europe/Moscow,2916,rub,4,116,,"C++, Алгоритмы"
5898,denis_antipov,https://solvery.io/ru/mentor/denis_antipov,Денис Антипов,Unity developer,ООО Криста,Санкт-Петербург,Europe/Moscow,2916,rub,0,35,,"Разработка игр, C#, Unity, Unity3D"
27694,a_zhemer,https://solvery.io/ru/mentor/a_zhemer,Антон Жемерикин,Senior system analyst,Usetech,Москва,Europe/Moscow,2916,rub,0,16,,"Бизнес аналитика, Системная аналитика, PostgreSQL, Базы данных, Git, SQL, REST API, Rabbitmq, MySQL, UML диаграммы, Openapi, Postman, Kafka, GraphQL, BPMN, User Story"
26713,,,Максим Куршин,Unity Team Lead,"НТЦ ""3DFAB""",Санкт-Петербург,Asia/Tashkent,2916,rub,2,10,,"Разработка игр, C#, Unity, Git, Unity3D, UniTask, Zenject, HyperCasual, UI"
25700,vasiliymoiseenko,https://solvery.io/ru/mentor/vasiliymoiseenko,Василий Моисеенко,Ведущий разработчик,Альфа-Банк,Сургут,Asia/Yekaterinburg,2916,rub,0,21,,"Бэкенд, PostgreSQL, Git, Java, Docker, Spring, Microservices, Hibernate, Spring Framework, Gitflow, Kafka"
10657,,,Александр Бакланов,Аналитик,,Москва,Europe/Moscow,2916,rub,16,87,,"Бизнес аналитика, Системная аналитика, HR, Аналитика, Техническое задание, Управление требованиями, BPMN, Confluence, Карьера: Поиск работы, Карьера: Составление резюме, Kanban, Scrum, Прохождение собеседований, Разработка технической документации, Технический писатель, Карьерное консультирование"
20860,sashasushko,https://solvery.io/ru/mentor/sashasushko,Александр Сушко,Senior Frontend Developer,Exness,Москва,Europe/Moscow,2999,rub,0,25,,"Фронтенд, HTML, CSS, JavaScript, Less, Sass, Webpack, Parcel, Browserify, React, Next.Js, Redux, Bootstrap, Express, TypeScript, Функциональное программирование, Tilda, SCSS, UX, Jest, Производительность, Браузеры, REST API, Анимация, БЭМ, Mobile first, Семантичная вёрстка, CD, CI, MobX, Перфоманс и скорость загрузки, Lighthouse, Подготовка технических докладов, Анимации JS, Паттерны проектирования, Анимации CSS, Freelance, Redux Saga, GitHub, Техническое задание, Websockets, Tailwind, Headless CMS"
22899,maria_sukhotina,https://solvery.io/ru/mentor/maria_sukhotina,Мария Сухотина,Арт-директор,X5 group,Москва,Europe/Moscow,3062,rub,5,89,,"Дизайн, Tilda, Логотип, Типографика, Айдентика, Фирменный стиль, Упаковка, Графический дизайн, Пиктограммы, Прохождение собеседований, Развитие карьеры, Развитие soft skills, Тайм-менеджмент, Нейросети"
21784,nastie,https://solvery.io/ru/mentor/nastie,Анастасия Правдина,Старший продуктовый дизайнер,Самокат,Санкт-Петербург,Europe/Moscow,3208,rub,1,26,,"Дизайн, UX, Figma, JTBD, Userflow, MVP, Интерфейсы, Customer Journey Map, UI kit, Прохождение собеседований, Дизайн Система, User Story, Карьера: Составление резюме, UX: юзабилити аудит, UX: синтез персонажей, UX: разработка сценариев, UX: интервью, опросы, анкетирование, UX: разработка концептуального макета, UX: детальный дизайн, UX: тексты, UX: лендинги, UX: настройка процессов в команде, CJM, UI, UX: анализ конкурентов, Дизайн-стратегия, Развитие soft skills"
17033,pavelkozhevnikov,https://solvery.io/ru/mentor/pavelkozhevnikov,Павел Кожевников,Senior Product UX-UI Designer,Ozon Tech ,Санкт-Петербург,Europe/Kaliningrad,3354,rub,1,39,,"Дизайн, UI, UX, Figma, Интерфейсы, Kanban, Scrum, Паттерны проектирования, Дизайн Система, Развитие soft skills"
1620,anna_gadelia,https://solvery.io/ru/mentor/anna_gadelia,Анна Гаделия,Senior UX дизайнер Газпромбанк,,г Жуковский,Europe/Moscow,3397,rub,14,442,,"Дизайн, UI, UX, Типографика, Userflow, Айдентика, Графический дизайн, Интерфейсы, Freelance, UX: лендинги"
22731,tati_prodesign,https://solvery.io/ru/mentor/tati_prodesign,Татьяна Гладилина,"UI/UX Product Designer Lead, Art Director",,Москва,Europe/Moscow,3572,rub,23,182,,"Управление командой, Дизайн, UI, Tilda, UX, Figma, JTBD, Userflow, Blockchain, Интерфейсы, Mobile first, UI kit, Прохождение собеседований, HR: подбор и адаптация, HR: обучение и развитие, Коучинг: лайф-коучинг, UX: анализ конкурентов, UX: юзабилити аудит, UX: разработка сценариев, UX: интервью, опросы, анкетирование, UX: разработка концептуального макета, UX: детальный дизайн, UX: лендинги, лендинги"
26986,ybezuglov,https://solvery.io/ru/mentor/ybezuglov,Юрий Безуглов,Менеджер ИТ-проектов,Yappy / Rutube,Москва / Ростов-на-Дону ,Europe/Moscow,3645,rub,0,0,,"Управление командой, Управление проектами, Управление портфелем проектов, Бизнес-процессы, настройка процессов в команде, Delivery managment"
27039,,,Вера Вейн,Mentor,,Екатеринбург,Europe/Warsaw,3645,rub,0,0,,"Управление командой, Управление продуктом, Системная аналитика, Продуктовая аналитика, Kanban, Scrum, Мотивация команды, Customer development, Управление организационными изменениями, Карьера: Поиск работы, Стратегическое планирование, Бирюзовые организации, Коучинг: целеполагание, People management, Тайм-менеджмент, Фасилитация, Менеджмент Стейкхолдеров, настройка процессов в команде, KPI и OKR, Ценностное предложение, Delivery managment, Жесткие переговоры, Оценка эффективности организации, Карьерное консультирование, Исследование и сегментация ЦА, Сегментация клиентов, Коммуникационная стратегия"
6635,ivan_kleshnin,https://solvery.io/ru/mentor/ivan_kleshnin,Иван Клешнин,Fullstack Engineer,DevScanr,Белград,Europe/Moscow,3645,rub,3,125,,"Бэкенд, Фронтенд, HR, HTML, CSS, React, Next.Js, Node.js, TypeScript, PostgreSQL, Python, Функциональное программирование, SQL, Redis, Развитие карьеры, Карьера: Поиск работы, Карьера: Составление резюме, Карьера: Linkedin, Карьера: Релокейт, Tailwind, FastAPI, Карьерное консультирование, Релокация"
25784,katorov,https://solvery.io/ru/mentor/katorov,Антон Каторов,Senior Backend Engineer,Авито,Москва,Europe/Moscow,3645,rub,0,8,,"Бэкенд, Управление командой, Python, Прохождение собеседований, Алгоритмы, Go, Развитие карьеры, Карьера: Поиск работы, Карьера: Составление резюме"
24620,k_nadonenko,https://solvery.io/ru/mentor/k_nadonenko,Константин Надоненко,Senior/Lead Automation QA Engineer,,Санкт-Петербург,Europe/Moscow,3645,rub,0,28,,"Тестирование, Java, Selenium, Appium, Автоматизация тестирования, Selenide, Cucumber, JUnit"
10667,vadim_kuzenkov,https://solvery.io/ru/mentor/vadim_kuzenkov,Вадим Кузенков,Директор проектного офиса,Kode,Budva,Europe/Belgrade,3645,rub,0,2,,"Мобильная разработка, Управление командой, Управление проектами, Kanban, Scrum, Управление проектным офисом, Управление портфелем проектов, Распределённая команда, Публичные выступления, Jira, HR: оценка и аттестация, HR: обучение и развитие, IT риски, Карьера: Составление резюме, Карьера: Релокейт, Agile"
9731,alex_manco,https://solvery.io/ru/mentor/alex_manco,Александр Долгов,Senior Character Artist,Nexters,Ереван,Asia/Yerevan,3645,rub,3,38,,"Разработка игр, CG"
23815,anton_suchkov,https://solvery.io/ru/mentor/anton_suchkov,Антон Сучков,Head of product design,Фоксфорд,Белград,Europe/Kaliningrad,3937,rub,0,1,,"Управление командой, Управление продуктом, Дизайн, UI, Tilda, Figma, Userflow, UI kit, Kanban, Прохождение собеседований, Мотивация команды, Управление организационными изменениями, Распределённая команда, Управление знаниями в команде, Развитие карьеры, Customer experience, Продуктовые метрики, EdTech, Карьера: Поиск работы, Карьера: Составление резюме, Карьера: Linkedin, UX: анализ конкурентов, UX: юзабилити аудит, UX: разработка сценариев, UX: детальный дизайн, Развитие soft skills, People management, Найм команды, Переговоры, UX: тексты, UX: лендинги, настройка процессов в команде"
1481,poalrom,https://solvery.io/ru/mentor/poalrom,Алексей Попков,Full-stack team-lead,Toloka,Амстердам,Europe/Amsterdam,4087,rub,9,550,,"Тестирование, Управление командой, Фронтенд, HTML, CSS, JavaScript, Webpack, React, Redux, Node.js, Express, TypeScript, MongoDB, Git, REST API, Прохождение собеседований, Алгоритмы, Управление знаниями в команде, Управление ИТ, Найм команды"
3210,marktlen,https://solvery.io/ru/mentor/marktlen,Александр Стрельцов,Backend developer,Delivery club,Воронеж,Europe/Moscow,4374,rub,0,39,,"Бэкенд, HR, HTML, CSS, PHP, PostgreSQL, Git, REST API, MySQL, jQuery, Symfony, Vue.js, Unit Tests, Go, Функциональное тестирование, GraphQL"
1008,elena_balakina,https://solvery.io/ru/mentor/elena_balakina,Елена Балакина,Senior/Lead QA Automation Engineer,Noveo,Новосибирск,Asia/Krasnoyarsk,4374,rub,2,97,,"Тестирование, UI, SQL, Kotlin, Java, REST API, Selenium, Автоматизация тестирования, Тест-кейсы, Процессы разработки и тестирования, Прохождение собеседований, Selenide, Функциональное тестирование, Развитие карьеры"
493,Nire,https://solvery.io/ru/mentor/Nire,Виктор Павлов,Старший бекенд разработчик,Sunlight,Якутск,Asia/Yakutsk,4374,rub,0,442,,"Бэкенд, Python, REST API, Django, Django REST framework, GitHub"
9784,nata_shaaaa,https://solvery.io/ru/mentor/nata_shaaaa,Наташа Долгих,Senior Data Analyst,Playrix,Валенсия,Europe/Madrid,4374,rub,0,16,,"Разработка игр, Python, Продуктовая аналитика, Машинное обучение, Статистика, A/B testing, Tableau, Продуктовые метрики, Тестирование продуктовых гипотез, Аналитика данных"
7901,dan_ivy,https://solvery.io/ru/mentor/dan_ivy,Дэниел Иванов,Архитектор трайба,MWS,Москва,Europe/Moscow,4374,rub,0,15,,"Бэкенд, Системная аналитика, JavaScript, Node.js, Express, Python, Git, REST API, Docker, AWS, Microservices, Django, Django REST framework, Scrum, TDD, Selenium, Gitflow, Паттерны проектирования, MQTT, OOP, Software Architecture, Техническое задание, Kubernetes, GraphQL, Распределённая команда, Websockets, Системное проектирование"
9373,maksim_laptev,https://solvery.io/ru/mentor/maksim_laptev,Максим Лаптев,QA Lead | Ментор по ручному и автоматизированному тестированию,,Wroclaw,Europe/Warsaw,4374,rub,0,0,,"Тестирование, Управление командой, Java, Kanban, Scrum, Maven, Software Engineering, Selenium, Автоматизация тестирования, Тест-кейсы, Процессы разработки и тестирования, Прохождение собеседований, REST-assured, Allure, Функциональное тестирование, Управление знаниями в команде, Jira, Confluence, Карьера: Составление резюме, настройка процессов в команде"
24086,theoden,https://solvery.io/ru/mentor/theoden,Денис Унтевский,"Код-ревьювер на курсе «Python-разработчик», Teamlead, Back End разработчик",Фриланс,Калининград,Europe/Kaliningrad,4374,rub,3,23,,"Бэкенд, Управление командой, Управление проектами, Python, REST API, Microservices, Django, Django REST framework, Software Engineering, Gitflow, Swagger, Postman, Распределённая команда, Управление знаниями в команде, Управление требованиями, Customer experience, User Story, Развитие soft skills, Тайм-менеджмент, настройка процессов в команде, Технический писатель"
22868,ox_iva,https://solvery.io/ru/mentor/ox_iva,Оксана Иванова,CPMO / Head of Project management department / Product ,XMethod,Краснодар,Europe/Moscow,4374,rub,1,27,,"Управление командой, Управление проектами, Userflow, MVP, Customer Journey Map, Mobile first, UI kit, Cross-Platform, Kanban, Scrum, Процессы разработки и тестирования, Прохождение собеседований, Мотивация команды, BRD, SRS, Customer development, Техническое задание, Agile, Управление проектным офисом, Управление портфелем проектов, Управление организационными изменениями, Распределённая команда, Управление знаниями в команде, Управление требованиями, Управление документацией, Развитие карьеры, Customer experience, Стартапы: запуск, Confluence, User Story, Карьера: Составление резюме, Карьера: Linkedin, Mind Map, Waterfall, People management, Переговоры, Бизнес-процессы, Качество продуктов и услуг, Менеджмент Стейкхолдеров, настройка процессов в команде, Прототипирование, Delivery managment, Cобеседование на английском языке"
22364,kirill_stepanov,https://solvery.io/ru/mentor/kirill_stepanov,Кирилл Степанов,Team Lead,Авито,Пхукет,Europe/Moscow,4374,rub,0,20,,"Управление командой, Фронтенд, HTML, CSS, JavaScript, Less, Webpack, React, Bootstrap, TypeScript, UI, Enzyme, Jest, Git, Производительность, Браузеры, Clean Architecture, MVP, БЭМ, Семантичная вёрстка, UI kit, MobX, Scrum, Software Engineering, Процессы разработки и тестирования, Прохождение собеседований, Верстка, Развитие карьеры, Карьера: Поиск работы"
27031,alladmitrieva,https://solvery.io/ru/mentor/alladmitrieva,Алла Дмитриева,Руководитель направления продуктового дизайна, Samokat.tech,Санкт-Петербург,Europe/Belgrade,5104,rub,2,16,,"Управление командой, Дизайн, UX, JTBD, Userflow, Интерфейсы, Customer Journey Map, Прохождение собеседований, User Story, Тестирование продуктовых гипотез, UX: юзабилити аудит, UX: разработка сценариев, UX: интервью, опросы, анкетирование, UX: карточная сортировка , UX: разработка концептуального макета, UX: детальный дизайн, Найм команды, UX: настройка процессов в команде, Прототипирование, Дизайн-стратегия"
8321,m_myalkin,https://solvery.io/ru/mentor/m_myalkin,Максим Мялкин,Mobile Team lead,Kts,Москва,Europe/Moscow,5109,rub,7,307,,"Мобильная разработка, Управление командой, Android, Kotlin, Clean Architecture, REST API, Module architecture, Mobile first, Architecture, Прохождение собеседований, CI/CD, GitlabCI, GraphQL, Управление знаниями в команде, MVVM, HR: обучение и развитие, Юнит-экономика, Карьера: Поиск работы, Карьера: Составление резюме, GitLab, Найм команды, CI, CD, Cross-Platform, Websockets, Развитие карьеры, Управление ИТ, Compose, Koin, Dagger2, Многопоточность "
27315,teddy_bunny,https://solvery.io/ru/mentor/teddy_bunny,Алексей Андреев,Senior QA Engineer,,Самара,Europe/Samara,5395,rub,0,0,,"Тестирование, PostgreSQL, SQL, REST API, SQLite, Процессы разработки и тестирования, Openapi, Swagger, Postman, Функциональное тестирование, Kafka, Jira, Chrome DevTools, API запросы"
6819,dmitryletyago,https://solvery.io/ru/mentor/dmitryletyago,Дмитрий Летяго,Ведущий системный аналитик,Альфа-Банк,Москва,Europe/Moscow,6000,rub,5,67,,"Бизнес аналитика, Управление проектами, Системная аналитика, REST API, Scrum, Процессы разработки и тестирования, Postman, Kafka, Управление требованиями, BPMN, UML"
16602,tory,https://solvery.io/ru/mentor/tory,Виктория  Селуянова,Team Lead (QA automation),,Мюнхен,Europe/Berlin,6124,rub,1,38,,"Тестирование, SQL, Java, REST API, Selenium, Автоматизация тестирования, Процессы разработки и тестирования, Прохождение собеседований, CI/CD, Selenide, REST-assured, Cucumber, Docker"
17405,tipitina,https://solvery.io/ru/mentor/tipitina,Анна Динельт,"Руководитель проектов, карьерный консультант, коуч",Яндекс,Москва,Europe/Samara,6562,rub,2,30,,"Управление командой, Управление продуктом, Управление проектами, Customer development, Управление организационными изменениями, Развитие карьеры, Карьера: Поиск работы, Карьера: Составление резюме, Коучинг, Коучинг: лайф-коучинг, Коучинг: бизнес-коучинг, UX: интервью, опросы, анкетирование, Развитие soft skills, People management, Тайм-менеджмент, Клиентский Сервис, Карьерное консультирование, Развитие личного бренда"
19260,az67128,https://solvery.io/ru/mentor/az67128,Александр Зинченко,Яндекс 360 CTO,Яндекс,Москва,Europe/Moscow,7152,rub,0,8,,"Управление командой, Фронтенд, Системная аналитика, Kanban, Scrum, Прохождение собеседований, Мотивация команды, Visualization, Agile, CTO, Системное проектирование, Развитие карьеры, Теория ограничений, Управление ИТ, Карьера: Поиск работы, Развитие soft skills, People management, Фасилитация, Масштабирование команды"
17827,picolino,https://solvery.io/ru/mentor/picolino,Данила Червонный,Ведущий C# разработчик,Positive technologies,Москва,Europe/Moscow,7152,rub,3,119,,"Бэкенд, Управление командой, Информационная безопасность, MongoDB, PostgreSQL, Базы данных, C#, Функциональное программирование, Git, SQL, Docker, Elasticsearch, Microservices, Architecture, Scrum, ASP.NET Core, MS SQL, Автоматизация тестирования, Процессы разработки и тестирования, .NET core, Gitflow, CI/CD, Unit Tests, GitHub, Yandex.Cloud, Agile, Kubernetes, GitLab"
20142,alinashakiryanova,https://solvery.io/ru/mentor/alinashakiryanova,Алина Подвальная ✨,Lead Business Analyst,Альфа-Банк,Санкт-Петербург,Europe/Moscow,7291,rub,6,47,,"Управление командой, Бизнес аналитика, C#, UX, JTBD, Userflow, MVP, Интерфейсы, Customer Journey Map, UML диаграммы, Тест-кейсы, Анализ и поиск решения (bugfix), Архитектура процессов, Паттерны проектирования, Аналитика, BABOK, Техническое задание, Управление требованиями, Управление документацией, Развитие карьеры, Публичные выступления, BPMN, UML, Confluence, Lean, User Story, Развитие soft skills, People management, Бизнес-процессы, Тайм-менеджмент, настройка процессов в команде, Техническая документация"
8826,seg_fault,https://solvery.io/ru/mentor/seg_fault,Даниил Гордеев,Senior Penetration Tester,Lufthansa,Франкфурт,Europe/Berlin,7291,rub,7,132,,"Бэкенд, Информационная безопасность, Network Engineering, Python, Java, Docker, Linux, Cистемное администрирование, Software Engineering, Пентест, Анализ защищенности, IT риски, IT аудит, Карьера: Релокейт"
136,alexey_stepanov,https://solvery.io/ru/mentor/alexey_stepanov,Алексей Степанов,"Ведущий разработчик, консультант",Яндекс,Москва,Europe/Moscow,8676,rub,5,83,,"Бэкенд, PostgreSQL, Базы данных, SQL, Kotlin, Java, Gradle, Spring, Spring Boot, Прохождение собеседований, GitlabCI, Unit Tests"
7256,bortnyak,https://solvery.io/ru/mentor/bortnyak,Александр Бортняк,"Эксперт по маркетинговым коммуникациям, коуч, бизнес-тренер, собственник digital агентства",:релкама,Москва,Europe/Moscow,10207,rub,3,22,,"Управление командой, Дизайн, Маркетинг, UI, Tilda, Логотип, UX, Типографика, Figma, Айдентика, Фирменный стиль, Упаковка, Дизайн-стратегия, Графический дизайн, Интерфейсы, Mobile first, Мотивация команды, SEO, SEM, Яндекс Метрика, Управление организационными изменениями, Распределённая команда, HR: обучение и развитие, Развитие карьеры, Маркетинг: стратегия, Маркетинг: процессы, Маркетинг: найм, Маркетинг: контент, Маркетинг: инфлюенс, PPC, PR, Публичные выступления, Стартапы: продвижение, Стартапы: запуск, Продажи, Активные продажи, B2B-продажи, Дизайн Система, User Story, Маркетинг: анализ конкурентов, Маркетинг: оценка рынка, Тестирование продуктовых гипотез, Маркетинг: сегментация, Маркетинг: персоны"
8475,bumeranghc,https://solvery.io/ru/mentor/bumeranghc,Павел Семченко,Инженер DevOps,Check point software,Беэр-Шева,Asia/Jerusalem,10207,rub,0,34,,"DevOps, Информационная безопасность, Python, Git, SQL, C++, Google Services, Docker, AWS, Ansible, Jenkins, Azure cloud, Gitflow, CI/CD, GitlabCI, Kubernetes, Terraform, GitLab"
23819,kurt_fisher,https://solvery.io/ru/mentor/kurt_fisher,Станислав  Кусков,Computer Vision Team Lead,ATOM,Москва,Europe/Moscow,14582,rub,0,13,,"Управление командой, Data Science, Data Engineering, Python, Docker, Linux, AWS, Architecture, OpenCV, Computer Vision, Deep Learning, Прохождение собеседований, Classification, Clustering, Pytorch, CNN, Numpy, Pandas, U-Net, CUDA, Развитие карьеры, IT аудит, Карьера: Поиск работы, Карьера: Составление резюме, Карьера: Linkedin, Нейросети, ИИ/AI, настройка процессов в команде, продюсирование мероприятий в IT , Visual Studio Code, Cобеседование на английском языке, Jupyter Notebook"
